0 1 0.78046875 0.97734375 0.7625 0.89296875 0.7234375 0.875 0.67265625 0.8671875 0.67265625 0.8734375 0.66328125 0.8640625 0.65234375 0.865625 0.62578125 0.8828125 0.55859375 0.878125 0.54921875 0.8828125 0.51796875 0.8765625 0.39609375 0.8625 0.37109375 0.83515625 0.346875 0.80390625 0.34375 0.76171875 0.353125 0.7453125 0.36953125 0.725 0.47734375 0.728125 0.54609375 0.721875 0.63203125 0.7328125 0.70859375 0.7421875 0.73203125 0.72734375 0.7546875 0.70234375 0.7671875 0.665625 0.80234375 0.640625 0.83671875 0.625 0.90390625 0.6125 0.99921875 1 0.99921875 1 0.78046875
0 0.69921875 0.7578125 0.7234375 0.74609375 0.728125 0.72890625 0.71875 0.63359375 0.703125 0.57421875 0.68828125 0.5484375 0.65390625 0.5171875 0.63125 0.50703125 0.63125 0.44140625 0.6109375 0.38671875 0.59296875 0.3703125 0.571875 0.38671875 0.5640625 0.40859375 0.5609375 0.44296875 0.565625 0.47578125 0.58125 0.52578125 0.5328125 0.58203125 0.51875 0.66796875 0.5125 0.78046875 0.51875 0.81171875 0.546875 0.85390625 0.5703125 0.92109375 0.5796875 0.99609375 0.609375 0.99921875 0.61875 0.91015625 0.634375 0.83515625 0.6796875 0.77734375 0.69921875 0.7578125
0 0.9328125 0.54296875 0.9296875 0.48046875 0.91328125 0.4578125 0.90078125 0.4546875 0.884375 0.46640625 0.8859375 0.56484375 0.8703125 0.61328125 0.878125 0.67265625 0.89453125 0.71875 0.95546875 0.75 0.975 0.75390625 0.9703125 0.63671875 0.95625 0.60546875 0.928125 0.56953125 0.9328125 0.54296875
0 0.56171875 0.478125 0.54375 0.48984375 0.5359375 0.50703125 0.5359375 0.52578125 0.51953125 0.5265625 0.5078125 0.54140625 0.5078125 0.61328125 0.4890625 0.64296875 0.475 0.70234375 0.4890625 0.78828125 0.50078125 0.803125 0.5140625 0.80859375 0.5109375 0.75859375 0.5296875 0.58359375 0.578125 0.52578125 0.56171875 0.478125
0 0.4859375 0.79140625 0.4765625 0.74609375 0.4625 0.72578125 0.465625 0.70703125 0.478125 0.68671875 0.4890625 0.62578125 0.49375 0.56953125 0.4890625 0.51015625 0.4765625 0.48671875 0.45859375 0.4703125 0.41640625 0.4546875 0.40078125 0.4546875 0.384375 0.46328125 0.3734375 0.48671875 0.353125 0.50703125 0.3484375 0.53359375 0.3515625 0.59453125 0.365625 0.60859375 0.4046875 0.68671875 0.421875 0.78984375 0.446875 0.85234375 0.4515625 0.90078125 0.4890625 0.98671875 0.49921875 1 0.5765625 0.99921875 0.565625 0.92265625 0.553125 0.88046875 0.525 0.82734375 0.4859375 0.79140625
0 0.4828125 0.98203125 0.4765625 0.97890625 0.475 0.95703125 0.4484375 0.89765625 0.446875 0.85546875 0.43125 0.83046875 0.3953125 0.66796875 0.35390625 0.6078125 0.30546875 0.609375 0.2921875 0.62109375 0.271875 0.65859375 0.265625 0.67890625 0.2671875 0.70078125 0.31640625 0.7421875 0.3375 0.77109375 0.346875 0.81171875 0.3734375 0.86328125 0.3890625 0.93671875 0.4046875 0.96484375 0.40625 0.99921875 0.4703125 0.99921875 0.47265625 0.990625 0.484375 0.98828125 0.478125 0.98671875 0.4828125 0.98203125
0 0.3703125 0.91328125 0.35625 0.88203125 0.3359375 0.80390625 0.30625 0.74921875 0.26953125 0.715625 0.23984375 0.70625 0.16171875 0.7234375 0.13515625 0.7390625 0.09375 0.80078125 0.084375 0.85234375 0.084375 0.99921875 0.3671875 0.99921875 0.371875 0.98515625 0.3671875 0.97578125 0.371875 0.96953125 0.3703125 0.91328125
0 0.2125 0.55546875 0.19296875 0.540625 0.17109375 0.5421875 0.15546875 0.5515625 0.1234375 0.59609375 0.115625 0.68984375 0.1265625 0.72890625 0.1328125 0.73359375 0.17265625 0.709375 0.2375 0.69453125 0.23125 0.59765625 0.2125 0.55546875
0 0.1 0.65390625 0.09375 0.63828125 0.1109375 0.57421875 0.1109375 0.55390625 0.121875 0.52734375 0.1359375 0.51171875 0.11953125 0.4859375 0.10703125 0.4890625 0.0984375 0.50078125 0.0890625 0.56484375 0.0640625 0.61640625 0.05 0.71171875 0.0265625 0.78984375 0.0296875 0.80546875 0.0453125 0.81328125 0.0515625 0.80859375 0.059375 0.75234375 0.1 0.69921875 0.1 0.65390625
0 0.1234375 0.71171875 0.10859375 0.6890625 0.10234375 0.7 0.0859375 0.70703125 0.07890625 0.7203125 0.0609375 0.72265625 0.065625 0.73984375 0.053125 0.76171875 0.046875 0.80078125 0.04765625 0.809375 0.0609375 0.81171875 0.07578125 0.7921875 0.08984375 0.7890625 0.1234375 0.74921875 0.1234375 0.71171875
0 0.1234375 0.62421875 0.121875 0.60546875 0.13125 0.58046875 0.15859375 0.55 0.1890625 0.53828125 0.184375 0.52109375 0.16953125 0.5109375 0.15078125 0.509375 0.13515625 0.515625 0.115625 0.53984375 0.1078125 0.58671875 0.1 0.60859375 0.09375 0.61171875 0.0984375 0.62890625 0.0875 0.66171875 0.09375 0.69140625 0.1 0.69296875 0.1015625 0.65234375 0.1140625 0.64765625 0.1109375 0.63671875 0.1234375 0.62421875
0 0.70390625 0.475 0.68671875 0.471875 0.6703125 0.48828125 0.6625 0.52421875 0.69375 0.55234375 0.703125 0.57421875 0.7140625 0.58046875 0.7203125 0.57421875 0.725 0.54453125 0.7203125 0.49609375 0.70390625 0.475