0 0.771875 0.93515625 0.7640625 0.92890625 0.7546875 0.88046875 0.74921875 0.8875 0.73828125 0.8515625 0.7375 0.86640625 0.73125 0.86953125 0.7234375 0.84140625 0.71796875 0.84375 0.684375 0.80390625 0.6546875 0.75078125 0.62109375 0.725 0.58984375 0.7265625 0.56015625 0.746875 0.5078125 0.81640625 0.4953125 0.85234375 0.4890625 0.90078125 0.4734375 0.94140625 0.465625 0.99921875 0.7859375 0.99921875 0.778125 0.99140625 0.784375 0.98515625 0.775 0.97578125 0.771875 0.93515625
0 0.365625 0.87890625 0.3359375 0.69140625 0.28359375 0.6359375 0.24921875 0.634375 0.2203125 0.66328125 0.1953125 0.73046875 0.184375 0.81640625 0.1671875 0.87890625 0.146875 0.99921875 0.4125 0.99921875 0.409375 0.98359375 0.403125 0.98359375 0.3890625 0.96015625 0.365625 0.87890625
0 0.14296875 0.725 0.14609375 0.7296875 0.15 0.70703125 0.134375 0.69609375 0.125 0.67421875 0.121875 0.62265625 0.1125 0.58984375 0.11875 0.56953125 0.115625 0.53828125 0.1046875 0.51015625 0.09140625 0.50625 0.078125 0.52265625 0.0703125 0.56171875 0.03125 0.61328125 0.03125 0.71953125 0.059375 0.79140625 0.0640625 0.89453125 0.05625 0.96484375 0.0359375 0.99921875 0.1140625 0.99921875 0.1234375 0.91015625 0.11875 0.72890625 0.13984375 0.7296875 0.14296875 0.725
0 0.240625 0.63515625 0.2375 0.61796875 0.2171875 0.59765625 0.2109375 0.53515625 0.19765625 0.51875 0.18515625 0.5234375 0.178125 0.53515625 0.1765625 0.56171875 0.184375 0.59609375 0.1796875 0.61171875 0.1671875 0.62421875 0.1453125 0.68515625 0.1453125 0.69453125 0.159375 0.70859375 0.153125 0.74765625 0.1671875 0.84453125 0.1765625 0.82734375 0.2015625 0.69921875 0.2171875 0.66484375 0.240625 0.63515625
0 0.403125 0.66953125 0.409375 0.65703125 0.4046875 0.52578125 0.3953125 0.49765625 0.37890625 0.4828125 0.35546875 0.4765625 0.328125 0.49453125 0.315625 0.52734375 0.3078125 0.59296875 0.3078125 0.61328125 0.3140625 0.62421875 0.3015625 0.64765625 0.3375 0.68828125 0.3609375 0.83828125 0.3828125 0.90234375 0.403125 0.93046875 0.3984375 0.93359375 0.4 0.95078125 0.40625 0.94921875 0.40859375 0.9390625 0.4140625 0.93984375 0.42421875 0.9984375 0.4578125 0.99921875 0.4625 0.92421875 0.4421875 0.76328125 0.4296875 0.71484375 0.403125 0.66953125
0 0.56875 0.72890625 0.5828125 0.70390625 0.578125 0.59140625 0.584375 0.54921875 0.540625 0.50390625 0.5515625 0.46484375 0.5484375 0.41171875 0.5421875 0.38828125 0.52890625 0.3703125 0.503125 0.38203125 0.49375 0.40703125 0.490625 0.47578125 0.4984375 0.51015625 0.453125 0.55078125 0.43125 0.60703125 0.425 0.64296875 0.421875 0.68984375 0.44375 0.75234375 0.453125 0.82734375 0.465625 0.86953125 0.4765625 0.85859375 0.4828125 0.83203125 0.50625 0.78515625 0.56875 0.72890625
0 0.46796875 0.465625 0.45546875 0.4671875 0.4484375 0.48515625 0.45 0.54296875 0.4546875 0.54296875 0.4625 0.53828125 0.4765625 0.50703125 0.475 0.47890625 0.46796875 0.465625
0 0.43671875 0.4796875 0.4171875 0.49453125 0.4109375 0.51015625 0.415625 0.56953125 0.4078125 0.60859375 0.4109375 0.65703125 0.40625 0.66796875 0.4171875 0.68203125 0.4296875 0.60546875 0.4515625 0.53828125 0.45 0.49609375 0.43671875 0.4796875
0 0.821875 0.53828125 0.8140625 0.51015625 0.8140625 0.45390625 0.80625 0.43359375 0.78984375 0.428125 0.7703125 0.44140625 0.765625 0.45859375 0.765625 0.55703125 0.784375 0.68671875 0.8078125 0.72734375 0.8140625 0.78046875 0.8296875 0.78359375 0.8359375 0.77109375 0.84375 0.64140625 0.8578125 0.58828125 0.821875 0.53828125
0 0.85703125 0.4859375 0.84609375 0.4859375 0.83125 0.50390625 0.828125 0.53515625 0.8578125 0.58515625 0.8640625 0.58515625 0.86875 0.57734375 0.86875 0.51015625 0.8640625 0.49296875 0.85703125 0.4859375
0 0.9734375 0.88984375 0.9765625 0.87265625 0.975 0.66015625 0.9609375 0.61484375 0.9265625 0.56953125 0.9328125 0.52109375 0.9296875 0.48203125 0.91171875 0.4578125 0.89765625 0.45625 0.875 0.47109375 0.86875 0.48671875 0.86875 0.54921875 0.875 0.57734375 0.8546875 0.60390625 0.8484375 0.63203125 0.8390625 0.77578125 0.85078125 0.7921875 0.8875 0.81640625 0.9265625 0.87578125 0.953125 0.89140625 0.9546875 0.93203125 0.9546875 0.91015625 0.959375 0.90703125 0.9546875 0.89921875 0.9734375 0.88984375
0 0.85390625 0.809375 0.80078125 0.796875 0.76484375 0.778125 0.7546875 0.72890625 0.7390625 0.70703125 0.74375 0.70234375 0.7359375 0.69296875 0.734375 0.66640625 0.746875 0.64453125 0.7609375 0.56796875 0.7515625 0.53359375 0.75625 0.44453125 0.7375 0.37109375 0.7265625 0.35078125 0.69609375 0.325 0.67734375 0.321875 0.62421875 0.3421875 0.5984375 0.36484375 0.58125 0.43671875 0.5828125 0.62421875 0.59375 0.71484375 0.553125 0.75078125 0.503125 0.81640625 0.490625 0.85859375 0.4875 0.89921875 0.471875 0.93359375 0.46875 0.99921875 0.9234375 0.99921875 0.9078125 0.89765625 0.9140625 0.86640625 0.90625 0.85234375 0.85390625 0.809375