0 1 0.49140625 0.978125 0.39765625 0.94609375 0.365625 0.92109375 0.35 0.8984375 0.32109375 0.9078125 0.29453125 0.909375 0.25703125 0.9234375 0.23359375 0.9234375 0.15546875 0.915625 0.11953125 0.9 0.08984375 0.87578125 0.071875 0.85703125 0.0703125 0.821875 0.09140625 0.803125 0.13203125 0.803125 0.23046875 0.821875 0.26640625 0.8234375 0.29609375 0.80078125 0.3296875 0.76796875 0.3453125 0.7328125 0.37734375 0.7234375 0.40234375 0.71875 0.44765625 0.73828125 0.45625 0.765625 0.48203125 0.7984375 0.55859375 0.8375 0.69296875 0.8921875 0.82734375 0.9 0.86796875 0.9015625 0.95078125 0.915625 0.98671875 0.915625 0.94296875 0.92109375 0.940625 0.92734375 0.95 0.9390625 0.93984375 0.940625 0.89453125 0.9484375 0.88984375 0.94921875 0.8796875 0.9546875 0.88203125 0.95625 0.86953125 0.9625 0.86796875 0.95859375 0.8625 0.96796875 0.8625 0.96953125 0.86875 0.97109375 0.8625 0.9859375 0.85859375 1 0.81953125 1 0.49140625
0 0.7984375 0.56640625 0.765625 0.48828125 0.74140625 0.4625 0.71484375 0.4609375 0.68125 0.48828125 0.6578125 0.53515625 0.60625 0.78515625 0.571875 0.84609375 0.5703125 0.89140625 0.55625 0.92578125 0.540625 0.99765625 0.90625 0.99921875 0.884375 0.81796875 0.86875 0.79140625 0.8390625 0.71171875 0.7984375 0.56640625
0 0.7109375 0.45546875 0.7234375 0.38671875 0.7484375 0.35859375 0.7390625 0.33515625 0.73125 0.28203125 0.728125 0.30234375 0.73359375 0.3203125 0.71796875 0.3171875 0.7203125 0.30703125 0.7015625 0.29609375 0.7125 0.26640625 0.725 0.26171875 0.7140625 0.25390625 0.71875 0.23203125 0.7125 0.21796875 0.7109375 0.16640625 0.703125 0.15078125 0.68671875 0.1390625 0.66796875 0.140625 0.6578125 0.15078125 0.64375 0.18828125 0.646875 0.31015625 0.628125 0.34140625 0.60703125 0.3546875 0.5953125 0.37265625 0.596875 0.39765625 0.6046875 0.41953125 0.609375 0.41953125 0.60625 0.44765625 0.6203125 0.50546875 0.625 0.57734375 0.6328125 0.59765625 0.6421875 0.58359375 0.659375 0.51484375 0.6828125 0.48046875 0.7109375 0.45546875
0 0.659375 0.13828125 0.65 0.11953125 0.63671875 0.1109375 0.61796875 0.1171875 0.6078125 0.13671875 0.6015625 0.18046875 0.60625 0.21484375 0.590625 0.23515625 0.5703125 0.28515625 0.578125 0.33984375 0.5890625 0.36015625 0.596875 0.36015625 0.63125 0.33359375 0.64375 0.31015625 0.64375 0.19296875 0.659375 0.13828125
0 0.5609375 0.13515625 0.5703125 0.09921875 0.5625 0.04921875 0.54921875 0.03125 0.53671875 0.028125 0.5203125 0.04140625 0.5140625 0.06015625 0.509375 0.11484375 0.515625 0.14609375 0.4703125 0.20546875 0.4609375 0.23046875 0.48515625 0.2390625 0.51796875 0.190625 0.53984375 0.19375 0.5546875 0.21015625 0.5734375 0.27109375 0.5890625 0.23515625 0.6 0.22421875 0.6015625 0.20546875 0.5609375 0.13515625
0 0.50625 0.02265625 0.49453125 0.0140625 0.4828125 0.01953125 0.475 0.03984375 0.4734375 0.10234375 0.459375 0.11640625 0.446875 0.14453125 0.440625 0.19921875 0.4484375 0.20859375 0.446875 0.22421875 0.453125 0.22734375 0.5125 0.14140625 0.5078125 0.10546875 0.5140625 0.04296875 0.50625 0.02265625
0 0.3390625 0.26015625 0.33046875 0.2515625 0.35390625 0.2515625 0.36328125 0.24375 0.36171875 0.2484375 0.37421875 0.253125 0.3875 0.27734375 0.39765625 0.315625 0.4203125 0.25859375 0.440625 0.23515625 0.4375 0.21953125 0.4203125 0.20859375 0.421875 0.18046875 0.4265625 0.17734375 0.4203125 0.16328125 0.41875 0.10703125 0.409375 0.08671875 0.39765625 0.078125 0.38828125 0.075 0.3609375 0.09453125 0.3484375 0.17109375 0.31796875 0.19375 0.3 0.21796875 0.28125 0.30859375 0.28125 0.33515625 0.2875 0.33515625 0.29140625 0.328125 0.3234375 0.31328125 0.328125 0.27421875 0.3390625 0.26015625
0 0.32109375 0 0.3125 0.01328125 0.309375 0.07578125 0.2984375 0.08359375 0.2859375 0.10703125 0.2609375 0.18046875 0.253125 0.23203125 0.25625 0.30234375 0.2671875 0.26015625 0.296875 0.22265625 0.3046875 0.20234375 0.3 0.10859375 0.32109375 0.08125 0.33359375 0.0796875 0.3546875 0.09140625 0.3578125 0.03046875 0.34140625 0 0.32109375 0
0 0.25 0.33203125 0.2609375 0.34921875 0.271875 0.35390625 0.28125 0.33046875 0.29453125 0.225 0.2671875 0.26171875 0.25 0.33203125
0 0.33359375 0.0796875 0.31640625 0.084375 0.2984375 0.11171875 0.3015625 0.18671875 0.3046875 0.19921875 0.309375 0.19921875 0.3375 0.17734375 0.3578125 0.12265625 0.353125 0.09453125 0.33359375 0.0796875
0 0.1125 0.46796875 0.1125 0.43984375 0.125 0.40078125 0.1640625 0.34765625 0.1578125 0.29296875 0.1640625 0.23359375 0.18359375 0.2125 0.209375 0.20859375 0.19296875 0.1890625 0.1671875 0.18203125 0.1703125 0.09765625 0.1625 0.08046875 0.14296875 0.0625 0.11015625 0.071875 0.09375 0.09765625 0.0921875 0.14765625 0.1015625 0.18984375 0.0765625 0.21171875 0.0703125 0.25390625 0.0515625 0.29296875 0.028125 0.48828125 0.0234375 0.62265625 0.0265625 0.65234375 0.0328125 0.65703125 0.0546875 0.57109375 0.0765625 0.55234375 0.0796875 0.52109375 0.1125 0.46796875
0 0.20234375 1 0.221875 0.95390625 0.22890625 0.95 0.234375 0.96328125 0.23359375 1 0.334375 0.99921875 0.33359375 0.99375 0.325 0.99765625 0.325 0.98828125 0.33046875 0.990625 0.3421875 0.98203125 0.3296875 0.97890625 0.3359375 0.97421875 0.33125 0.96953125 0.340625 0.96640625 0.3375 0.94921875 0.3296875 0.94296875 0.33125 0.91640625 0.325 0.91484375 0.325 0.89453125 0.3328125 0.88984375 0.3390625 0.84140625 0.3390625 0.73828125 0.346875 0.73515625 0.3484375 0.71953125 0.35 0.61796875 0.409375 0.52578125 0.3859375 0.48203125 0.37734375 0.48125 0.365625 0.46796875 0.3609375 0.44765625 0.3703125 0.42109375 0.36875 0.37578125 0.375 0.35234375 0.365625 0.33046875 0.35078125 0.3203125 0.29921875 0.328125 0.2828125 0.34609375 0.2765625 0.36328125 0.278125 0.38359375 0.2625 0.45078125 0.2640625 0.46796875 0.25 0.49765625 0.2421875 0.53828125 0.2359375 0.62421875 0.2203125 0.66015625 0.209375 0.79921875 0.1640625 0.98984375 0.16484375 1 0.20234375 1
0 0.6078125 0.75078125 0.625 0.65546875 0.621875 0.60546875 0.609375 0.56484375 0.5546875 0.50703125 0.53515625 0.478125 0.525 0.48828125 0.5359375 0.40859375 0.5328125 0.34765625 0.5375 0.29765625 0.5328125 0.27734375 0.51953125 0.259375 0.46171875 0.2390625 0.43828125 0.2453125 0.4234375 0.25859375 0.4015625 0.32421875 0.4109375 0.42265625 0.43125 0.49453125 0.4296875 0.51953125 0.421875 0.52109375 0.3921875 0.56015625 0.353125 0.62421875 0.3546875 0.70234375 0.35625 0.71796875 0.3625 0.72265625 0.35625 0.73359375 0.3625 0.74296875 0.3546875 0.74921875 0.3546875 0.76484375 0.365625 0.76953125 0.365625 0.77578125 0.35859375 0.7703125 0.3546875 0.78046875 0.3703125 0.78515625 0.3640625 0.79609375 0.3703125 0.80078125 0.365625 0.81171875 0.3703125 0.81640625 0.365625 0.82734375 0.3703125 0.83046875 0.365625 0.84296875 0.3703125 0.84765625 0.3703125 0.90390625 0.365625 0.90703125 0.3703125 0.90859375 0.371875 0.96953125 0.37890625 1 0.5375 0.99921875 0.5640625 0.89296875 0.56875 0.83984375 0.5984375 0.78984375 0.6078125 0.75078125
0 0.2453125 0.49765625 0.25625 0.47421875 0.2578125 0.44453125 0.26875 0.42890625 0.2703125 0.38203125 0.265625 0.36328125 0.234375 0.33359375 0.240625 0.31328125 0.23125 0.23828125 0.21328125 0.2125 0.20078125 0.209375 0.17734375 0.2203125 0.165625 0.23671875 0.159375 0.29140625 0.16875 0.34765625 0.128125 0.39921875 0.11875 0.43046875 0.11875 0.47265625 0.0984375 0.51484375 0.1046875 0.51796875 0.103125 0.53828125 0.1390625 0.55703125 0.159375 0.59765625 0.165625 0.62734375 0.165625 0.68828125 0.175 0.73203125 0.171875 0.76953125 0.18046875 0.7765625 0.20625 0.78046875 0.2125 0.75234375 0.2140625 0.68359375 0.2328125 0.61640625 0.2453125 0.49765625
0 0.153125 0.83828125 0.16875 0.80859375 0.1734375 0.73359375 0.153125 0.68828125 0.13046875 0.6734375 0.12109375 0.6734375 0.103125 0.68515625 0.0890625 0.71953125 0.084375 0.87890625 0.0390625 0.96640625 0.02734375 0.978125 0.00546875 0.9828125 0 0.99453125 0.00234375 1 0.1609375 0.99921875 0.1875 0.86171875 0.18203125 0.853125 0.16171875 0.8484375 0.153125 0.83828125