0 1 0.14609375 0.98671875 0.1359375 0.96953125 0.1359375 0.93046875 0.1578125 0.8984375 0.18984375 0.8828125 0.22109375 0.8875 0.29453125 0.8984375 0.31640625 0.8953125 0.32578125 0.921875 0.41328125 0.9265625 0.45859375 0.871875 0.52109375 0.92421875 0.5859375 0.9703125 0.61484375 0.971875 0.55390625 1 0.53203125 1 0.14609375
0 0.69296875 1 0.709375 0.97265625 0.72265625 0.9328125 0.73828125 0.925 0.77890625 0.925 0.78828125 0.928125 0.796875 0.94140625 0.81015625 1 0.9671875 0.99921875 0.9671875 0.63671875 0.953125 0.61015625 0.92421875 0.590625 0.859375 0.52109375 0.878125 0.48203125 0.89453125 0.4796875 0.9109375 0.46015625 0.9171875 0.44296875 0.9171875 0.40859375 0.8890625 0.31328125 0.859375 0.26328125 0.83828125 0.2484375 0.78203125 0.2390625 0.75546875 0.25 0.721875 0.28046875 0.6890625 0.35390625 0.684375 0.38515625 0.6703125 0.40078125 0.66875 0.43046875 0.678125 0.45234375 0.71328125 0.49375 0.734375 0.50546875 0.71484375 0.5140625 0.69453125 0.5140625 0.684375 0.52265625 0.6578125 0.58046875 0.6265625 0.60546875 0.596875 0.65546875 0.553125 0.82421875 0.5390625 0.99296875 0.54140625 1 0.69296875 1
0 0.6234375 0.55390625 0.615625 0.55078125 0.61328125 0.5734375 0.60859375 0.515625 0.5984375 0.53515625 0.5984375 0.57734375 0.61015625 0.5921875 0.61328125 0.575 0.621875 0.58515625 0.62109375 0.59375 0.6140625 0.58828125 0.615625 0.59765625 0.625 0.59921875 0.63125 0.59609375 0.6265625 0.59296875 0.625 0.53671875 0.6234375 0.55390625
0 0.69375 0.47109375 0.6734375 0.45234375 0.665625 0.43515625 0.665625 0.39921875 0.6828125 0.38203125 0.6875 0.35078125 0.721875 0.27421875 0.7109375 0.23828125 0.68984375 0.225 0.65078125 0.2234375 0.63984375 0.228125 0.6171875 0.25703125 0.6078125 0.29296875 0.6046875 0.34140625 0.640625 0.40703125 0.6484375 0.43359375 0.6421875 0.48671875 0.6234375 0.50234375 0.621875 0.51015625 0.62421875 0.5328125 0.628125 0.51484375 0.640625 0.58515625 0.6546875 0.57578125 0.6828125 0.51796875 0.709375 0.50390625 0.69375 0.47109375
0 0.5953125 0.27109375 0.5890625 0.25234375 0.5875 0.20546875 0.5765625 0.17890625 0.54296875 0.140625 0.52265625 0.128125 0.51015625 0.128125 0.4890625 0.14453125 0.4671875 0.18828125 0.4609375 0.21640625 0.4734375 0.26171875 0.46875 0.28828125 0.50078125 0.321875 0.5140625 0.32734375 0.57265625 0.3234375 0.5765625 0.30078125 0.5921875 0.28828125 0.5953125 0.27109375
0 0.6390625 0.55078125 0.6328125 0.51484375 0.625 0.50390625 0.64375 0.47578125 0.646875 0.43046875 0.634375 0.39609375 0.59609375 0.3359375 0.56953125 0.325 0.52109375 0.3265625 0.5125 0.33671875 0.5359375 0.38671875 0.55 0.44609375 0.5453125 0.50703125 0.5390625 0.52578125 0.515625 0.54921875 0.5125 0.56640625 0.53359375 0.6046875 0.596875 0.64453125 0.6203125 0.60390625 0.65 0.57734375 0.6484375 0.55703125 0.6390625 0.55078125
0 0.52734375 0.60625 0.5078125 0.56796875 0.509375 0.54453125 0.5359375 0.52421875 0.5453125 0.49453125 0.5453125 0.42890625 0.525 0.36328125 0.509375 0.33359375 0.46953125 0.2921875 0.41953125 0.2765625 0.390625 0.30234375 0.35 0.36015625 0.334375 0.39453125 0.3265625 0.43984375 0.3265625 0.48046875 0.3375 0.51640625 0.36171875 0.546875 0.3734375 0.54140625 0.3984375 0.58671875 0.39609375 0.6015625 0.36640625 0.6109375 0.34375 0.62890625 0.321875 0.67890625 0.334375 0.86171875 0.328125 0.90859375 0.328125 0.98828125 0.33203125 1 0.534375 0.99921875 0.5484375 0.82734375 0.590625 0.65078125 0.57109375 0.6296875 0.52734375 0.60625
0 0.37734375 0.55625 0.35546875 0.5515625 0.334375 0.52734375 0.334375 0.50859375 0.321875 0.47265625 0.3296875 0.39765625 0.359375 0.33828125 0.359375 0.32421875 0.32890625 0.2765625 0.31171875 0.2671875 0.28984375 0.265625 0.26328125 0.2765625 0.2375 0.29609375 0.215625 0.34453125 0.234375 0.40546875 0.2328125 0.48828125 0.2453125 0.53515625 0.234375 0.55703125 0.2375 0.58828125 0.3125 0.65546875 0.33671875 0.628125 0.38828125 0.596875 0.390625 0.58046875 0.37734375 0.55625
0 0 0.99921875 0.13046875 1 0.1421875 0.95859375 0.15703125 0.946875 0.17734375 0.9421875 0.19765625 0.9421875 0.2125 0.95078125 0.225 0.97421875 0.22890625 1 0.3203125 0.99921875 0.325 0.77734375 0.315625 0.68203125 0.2984375 0.64921875 0.2265625 0.59296875 0.21875 0.55234375 0.2328125 0.52109375 0.2296875 0.39140625 0.215625 0.35078125 0.1921875 0.30859375 0.17421875 0.290625 0.14453125 0.278125 0.11484375 0.2875 0.0796875 0.30859375 0.0484375 0.34453125 0.034375 0.39140625 0.05625 0.53046875 0.0921875 0.61328125 0.03125 0.73359375 0.0234375 0.82265625 0.0125 0.86015625 0.0125 0.90546875 0.00625 0.91015625 0.0125 0.91796875 0 0.94921875 0 0.99921875
0 0.29375 0.21953125 0.28125 0.20546875 0.278125 0.14296875 0.271875 0.13046875 0.23671875 0.096875 0.19296875 0.0921875 0.16953125 0.103125 0.1421875 0.14140625 0.1375 0.18515625 0.1421875 0.21640625 0.1359375 0.24453125 0.1421875 0.27265625 0.17734375 0.290625 0.2140625 0.33671875 0.2328125 0.29921875 0.24765625 0.2828125 0.2921875 0.26015625 0.29375 0.21953125
0 0.28046875 0 0.2578125 0.01796875 0.240625 0.09453125 0.2796875 0.14296875 0.2828125 0.18984375 0.29375 0.21171875 0.2984375 0.26015625 0.33359375 0.275 0.3609375 0.31640625 0.3734375 0.31796875 0.4046875 0.27890625 0.4 0.24140625 0.3671875 0.17734375 0.365625 0.15390625 0.3515625 0.15390625 0.3421875 0.07890625 0.3515625 0.07578125 0.3375 0.06640625 0.334375 0.02734375 0.31640625 0.0078125 0.29921875 0 0.28046875 0