0 0.971875 0.55390625 0.9703125 0.52265625 0.965625 0.44765625 0.95546875 0.43125 0.940625 0.44609375 0.925 0.54140625 0.9359375 0.59296875 0.9328125 0.70390625 0.93671875 0.709375 0.95 0.70859375 0.9703125 0.70390625 0.959375 0.65859375 0.9609375 0.60859375 0.971875 0.55390625
0 0.9078125 0.55546875 0.915625 0.53515625 0.91875 0.48359375 0.9171875 0.45234375 0.90625 0.43203125 0.9078125 0.38515625 0.89140625 0.378125 0.8828125 0.39140625 0.88125 0.42578125 0.8625 0.45078125 0.8515625 0.50703125 0.865625 0.53671875 0.86875 0.63671875 0.8625 0.74296875 0.9 0.74609375 0.909375 0.74140625 0.9 0.72734375 0.9 0.70859375 0.9078125 0.55546875
0 0.8359375 0.43515625 0.82265625 0.4328125 0.8203125 0.51328125 0.828125 0.59296875 0.821875 0.60546875 0.834375 0.60703125 0.8390625 0.60390625 0.8421875 0.50546875 0.8515625 0.46484375 0.8359375 0.43515625
0 0.80390625 0.425 0.7890625 0.45390625 0.790625 0.53828125 0.7796875 0.57890625 0.78203125 0.584375 0.79765625 0.553125 0.803125 0.60078125 0.8109375 0.60390625 0.8234375 0.60078125 0.821875 0.47890625 0.81875 0.44453125 0.80390625 0.425
0 0.64765625 1 0.65 0.98046875 0.68046875 0.9640625 0.6875 0.96953125 0.69296875 1 0.7234375 0.99921875 0.71875 0.95078125 0.7265625 0.93359375 0.70625 0.72890625 0.696875 0.72265625 0.69921875 0.715625 0.6890625 0.71328125 0.7015625 0.71015625 0.6984375 0.68203125 0.690625 0.68046875 0.69375 0.66015625 0.69609375 0.678125 0.70234375 0.66875 0.70546875 0.675 0.7125 0.66953125 0.734375 0.61015625 0.7359375 0.58515625 0.734375 0.57734375 0.72578125 0.5734375 0.71015625 0.5984375 0.6984375 0.59609375 0.6953125 0.56171875 0.68125 0.51640625 0.6921875 0.42265625 0.66875 0.38515625 0.65703125 0.3796875 0.6328125 0.40078125 0.6234375 0.41796875 0.61875 0.44609375 0.625 0.47109375 0.621875 0.51953125 0.6015625 0.55859375 0.5984375 0.65390625 0.5875 0.67890625 0.5859375 0.71328125 0.59296875 0.7125 0.5953125 0.71953125 0.58515625 0.7140625 0.5796875 0.73359375 0.58515625 0.7390625 0.58984375 0.7265625 0.5984375 0.72734375 0.59609375 0.721875 0.6078125 0.73046875 0.603125 0.74140625 0.6140625 0.74609375 0.6109375 0.75234375 0.6171875 0.75859375 0.6109375 0.75546875 0.6109375 0.76640625 0.61875 0.76953125 0.6125 0.78203125 0.621875 0.78515625 0.61875 0.79765625 0.6234375 0.80546875 0.61875 0.82734375 0.609375 0.83828125 0.6046875 0.88046875 0.603125 0.96640625 0.6140625 0.98359375 0.61484375 1 0.64765625 1
0 0.50390625 1 0.51015625 0.9875 0.51953125 1 0.56875 0.99921875 0.5640625 0.94140625 0.571875 0.87421875 0.5640625 0.83515625 0.565625 0.80859375 0.553125 0.76953125 0.5484375 0.70546875 0.5484375 0.68671875 0.56328125 0.6796875 0.56875 0.66953125 0.56875 0.62890625 0.5515625 0.55078125 0.55 0.49609375 0.54375 0.49453125 0.5453125 0.48828125 0.528125 0.46328125 0.53125 0.38515625 0.5234375 0.35234375 0.50703125 0.3296875 0.49296875 0.3296875 0.47421875 0.340625 0.4625 0.35859375 0.4578125 0.44296875 0.4296875 0.49609375 0.421875 0.56328125 0.43125 0.66640625 0.44375 0.69296875 0.4375 0.78359375 0.440625 0.95703125 0.44375 0.97265625 0.46171875 1 0.50390625 1
0 0.58671875 0.4046875 0.5703125 0.42265625 0.5578125 0.45703125 0.565625 0.48359375 0.5828125 0.51015625 0.5828125 0.48671875 0.59375 0.46484375 0.59375 0.41171875 0.58671875 0.4046875
0 0.55625 0.46328125 0.559375 0.43828125 0.55 0.40703125 0.54140625 0.4015625 0.5328125 0.41171875 0.5296875 0.45859375 0.553125 0.49609375 0.5515625 0.53671875 0.56875 0.62890625 0.575 0.63671875 0.590625 0.59609375 0.5828125 0.50234375 0.5765625 0.50078125 0.55625 0.46328125
0 0.4296875 0.66640625 0.4203125 0.56171875 0.428125 0.49609375 0.4453125 0.46640625 0.45 0.43984375 0.4296875 0.41484375 0.4265625 0.38515625 0.41875 0.37265625 0.4125 0.34609375 0.4125 0.29296875 0.39765625 0.275 0.37734375 0.2734375 0.3609375 0.28671875 0.3546875 0.30078125 0.3578125 0.38359375 0.32578125 0.39375 0.3171875 0.40234375 0.2953125 0.52890625 0.2890625 0.70078125 0.296875 0.73828125 0.303125 0.74453125 0.3140625 0.84765625 0.3125 0.99921875 0.3640625 0.99921875 0.3671875 0.88828125 0.37421875 0.8578125 0.3859375 0.91015625 0.3859375 0.99921875 0.434375 0.99921875 0.4375 0.80390625 0.4328125 0.79296875 0.440625 0.69453125 0.4296875 0.66640625
0 0.3078125 0.39453125 0.29921875 0.384375 0.29140625 0.384375 0.284375 0.39296875 0.28125 0.43828125 0.2671875 0.45703125 0.2625 0.48671875 0.2625 0.51171875 0.271875 0.52265625 0.278125 0.60078125 0.2765625 0.71953125 0.27890625 0.728125 0.290625 0.72890625 0.2875 0.67421875 0.29375 0.53046875 0.309375 0.41953125 0.3078125 0.39453125
0 0.2546875 0.43828125 0.2453125 0.42578125 0.23984375 0.4015625 0.23125 0.41015625 0.234375 0.42578125 0.228125 0.43671875 0.2359375 0.56328125 0.2421875 0.57109375 0.24375 0.55078125 0.2515625 0.54765625 0.259375 0.47265625 0.2546875 0.43828125
0 0.1859375 0.46796875 0.1671875 0.44296875 0.16640625 0.3953125 0.15859375 0.3953125 0.1515625 0.40390625 0.1515625 0.43359375 0.1359375 0.44921875 0.1296875 0.48046875 0.1328125 0.53984375 0.153125 0.64140625 0.15 0.69765625 0.1625 0.70078125 0.171875 0.69453125 0.1703125 0.59921875 0.1890625 0.51328125 0.1859375 0.46796875
0 0.0984375 0.50234375 0.090625 0.47265625 0.071875 0.44453125 0.065625 0.40234375 0.04921875 0.3953125 0.040625 0.40546875 0.04375 0.45859375 0.028125 0.48203125 0.025 0.51796875 0.0421875 0.54765625 0.0390625 0.59921875 0.046875 0.65234375 0.0484375 0.74140625 0.06640625 0.7578125 0.0734375 0.75703125 0.078125 0.75390625 0.0875 0.62578125 0.0984375 0.58515625 0.0984375 0.50234375
0 0.0328125 0.59921875 0.0328125 0.54140625 0.025 0.52265625 0.025 0.49921875 0.0359375 0.45390625 0.028125 0.43671875 0.0265625 0.40703125 0.02109375 0.403125 0.0109375 0.41015625 0 0.45546875 0.0015625 0.54609375 0.015625 0.60859375 0.01640625 0.55625 0.0234375 0.56640625 0.0234375 0.59921875 0.0328125 0.59921875