0 0.10703125 0.4921875 0.11796875 0.48125 0.1421875 0.48046875 0.125 0.32265625 0.1203125 0.31171875 0.0921875 0.28671875 0.0921875 0.21484375 0.07265625 0.19375 0.0546875 0.20234375 0.0484375 0.24921875 0.05 0.26640625 0.0625 0.28984375 0.0359375 0.30703125 0.0125 0.43515625 0.0140625 0.44453125 0.02578125 0.45 0.03984375 0.4 0.0328125 0.49453125 0.0375 0.59921875 0.0578125 0.73203125 0.05625 0.76328125 0.065625 0.78515625 0.0703125 0.77578125 0.078125 0.51953125 0.08984375 0.4953125 0.10703125 0.4921875
0 0.3328125 0.58515625 0.3421875 0.52265625 0.340625 0.49140625 0.34921875 0.471875 0.3578125 0.50234375 0.3484375 0.56171875 0.3546875 0.57578125 0.38046875 0.5859375 0.384375 0.55703125 0.375 0.52421875 0.3625 0.29921875 0.346875 0.23203125 0.33046875 0.2109375 0.3125 0.19921875 0.309375 0.07734375 0.29140625 0.05 0.27421875 0.046875 0.2609375 0.05703125 0.253125 0.07578125 0.2328125 0.20234375 0.215625 0.22890625 0.1859375 0.33203125 0.1765625 0.34453125 0.16875 0.41328125 0.1734375 0.41328125 0.17734375 0.4 0.19375 0.39921875 0.1953125 0.38046875 0.22734375 0.321875 0.2296875 0.35078125 0.215625 0.43984375 0.2203125 0.47890625 0.23671875 0.4890625 0.24921875 0.4828125 0.26015625 0.465625 0.2640625 0.50390625 0.2609375 0.56171875 0.25 0.56640625 0.24765625 0.578125 0.23515625 0.5796875 0.2265625 0.58828125 0.240625 0.65234375 0.2625 0.84453125 0.2578125 0.92265625 0.2515625 0.93203125 0.2609375 0.94609375 0.2609375 0.96171875 0.26640625 0.9671875 0.2828125 0.96640625 0.2984375 0.95390625 0.29375 0.86640625 0.30625 0.69453125 0.3328125 0.58515625
0 0.496875 0.77265625 0.515625 0.76484375 0.51875 0.73359375 0.53125 0.71953125 0.5359375 0.64453125 0.521875 0.49765625 0.503125 0.48203125 0.4921875 0.46328125 0.5 0.44609375 0.503125 0.38515625 0.4921875 0.36171875 0.47578125 0.3578125 0.4625 0.36640625 0.4546875 0.38359375 0.4515625 0.42421875 0.4625 0.46328125 0.45234375 0.475 0.4390625 0.47890625 0.4125 0.54453125 0.3875 0.56796875 0.384375 0.59296875 0.40078125 0.596875 0.42578125 0.5890625 0.4296875 0.59609375 0.4234375 0.73671875 0.440625 0.76484375 0.4421875 0.91640625 0.4453125 0.92734375 0.4609375 0.93671875 0.46484375 0.9578125 0.4875 0.95859375 0.4921875 0.95234375 0.4890625 0.89921875 0.4984375 0.84140625 0.496875 0.77265625
0 0.3171875 0.20078125 0.34375 0.22109375 0.34375 0.18984375 0.33203125 0.18125 0.31796875 0.18125 0.3171875 0.20078125
0 0.36171875 0.29375 0.375 0.44765625 0.38125 0.44921875 0.3859375 0.44609375 0.3859375 0.40703125 0.3703125 0.30703125 0.36171875 0.29375
0 0.359375 0.58828125 0.3546875 0.57734375 0.359375 0.50234375 0.35078125 0.4703125 0.3453125 0.47734375 0.3328125 0.58203125 0.3078125 0.68359375 0.3078125 0.78203125 0.3015625 0.79609375 0.30234375 0.8109375 0.32578125 0.8078125 0.33046875 0.7828125 0.33125 0.81328125 0.33671875 0.8203125 0.3453125 0.81953125 0.3578125 0.80390625 0.3546875 0.77734375 0.359375 0.76171875 0.359375 0.58828125
0 0.58828125 0.4125 0.57890625 0.4125 0.571875 0.42578125 0.5734375 0.67890625 0.58046875 0.6859375 0.603125 0.68671875 0.6171875 0.64609375 0.6171875 0.49453125 0.60625 0.42890625 0.58828125 0.4125
0 0.5640625 0.43984375 0.55390625 0.434375 0.5484375 0.44296875 0.553125 0.46484375 0.5375 0.50390625 0.5375 0.53203125 0.5421875 0.54140625 0.54375 0.65546875 0.5625 0.66171875 0.5703125 0.58515625 0.5609375 0.56953125 0.5671875 0.45078125 0.5640625 0.43984375
0 0.4953125 0.46328125 0.5046875 0.48203125 0.521875 0.49609375 0.525 0.52265625 0.53125 0.52734375 0.528125 0.45859375 0.5171875 0.41171875 0.50703125 0.40625 0.4953125 0.46328125
0 0.6671875 0.44453125 0.665625 0.47109375 0.653125 0.49140625 0.6546875 0.52421875 0.6640625 0.53046875 0.671875 0.55703125 0.678125 0.51953125 0.6890625 0.50234375 0.67890625 0.4390625 0.6671875 0.44453125
0 0.7828125 0.51484375 0.7921875 0.63828125 0.8015625 0.64140625 0.80625 0.50234375 0.8 0.48984375 0.79140625 0.4875 0.7828125 0.51484375
0 0.88984375 0.853125 0.90625 0.94140625 0.92109375 0.9453125 0.934375 0.93203125 0.921875 0.84765625 0.94375 0.71015625 0.9390625 0.59765625 0.95625 0.58203125 0.965625 0.56328125 0.975 0.43203125 0.971875 0.33671875 0.9546875 0.19921875 0.9484375 0.18046875 0.925 0.14765625 0.89375 0.12421875 0.903125 0.07578125 0.89375 0.01953125 0.88515625 0.0078125 0.85859375 0.0015625 0.8453125 0.01171875 0.8359375 0.03203125 0.84375 0.13359375 0.8296875 0.16640625 0.8 0.19609375 0.765625 0.26796875 0.75 0.30703125 0.7453125 0.36328125 0.7515625 0.42109375 0.76640625 0.4328125 0.77734375 0.4078125 0.778125 0.41796875 0.7828125 0.41796875 0.778125 0.36953125 0.8 0.32890625 0.8125 0.32265625 0.8140625 0.44453125 0.80625 0.47421875 0.8078125 0.53515625 0.825 0.56171875 0.8375 0.80703125 0.8546875 0.91015625 0.8421875 0.96171875 0.85234375 0.9703125 0.8703125 0.96953125 0.8859375 0.95703125 0.8859375 0.91015625 0.8921875 0.89609375 0.88984375 0.853125