0 0.11875 0.51171875 0.1125 0.58046875 0.115625 0.62734375 0.0671875 0.66640625 0.0546875 0.69921875 0.05625 0.73671875 0.06328125 0.7453125 0.0796875 0.74921875 0.0578125 0.94296875 0.0453125 0.99921875 0.315625 0.99921875 0.3015625 0.83984375 0.3171875 0.76484375 0.303125 0.68515625 0.2890625 0.65546875 0.26328125 0.640625 0.2296875 0.60859375 0.2203125 0.53828125 0.1984375 0.46953125 0.17734375 0.4546875 0.15703125 0.45625 0.146875 0.46171875 0.11875 0.51171875
0 0.2828125 0.18359375 0.29375 0.22734375 0.29375 0.26328125 0.3 0.27109375 0.33125 0.24453125 0.334375 0.20390625 0.315625 0.11796875 0.2953125 0.10078125 0.284375 0.07578125 0.278125 0.03046875 0.26328125 0.01875 0.246875 0.02578125 0.2390625 0.05546875 0.2546875 0.07265625 0.259375 0.14765625 0.2828125 0.18359375
0 0.4890625 0.24296875 0.503125 0.23671875 0.4953125 0.11171875 0.475 0.07421875 0.471875 0.03359375 0.46328125 0.0203125 0.45546875 0.01875 0.44375 0.04296875 0.4359375 0.20234375 0.459375 0.24765625 0.4828125 0.25703125 0.4890625 0.24296875
0 0.3875 0.31171875 0.3953125 0.35234375 0.3875 0.39140625 0.4 0.44140625 0.4296875 0.50234375 0.446875 0.59453125 0.4640625 0.59453125 0.471875 0.58515625 0.50625 0.45078125 0.49375 0.40078125 0.478125 0.38203125 0.46875 0.33046875 0.4546875 0.31015625 0.453125 0.23359375 0.43359375 0.209375 0.42109375 0.2078125 0.4015625 0.22265625 0.3890625 0.25546875 0.3875 0.31171875
0 0.33984375 0.3734375 0.3296875 0.37734375 0.3 0.44921875 0.2953125 0.55078125 0.2703125 0.59140625 0.265625 0.61171875 0.265625 0.63203125 0.27890625 0.6390625 0.284375 0.61640625 0.284375 0.63671875 0.30625 0.68203125 0.3171875 0.73671875 0.31875 0.79296875 0.3046875 0.84296875 0.3046875 0.86953125 0.321875 0.99921875 0.45 0.99921875 0.4578125 0.97578125 0.453125 0.93359375 0.4796875 0.88984375 0.490625 0.84296875 0.4796875 0.73828125 0.4640625 0.70546875 0.4609375 0.66796875 0.440625 0.59140625 0.409375 0.53046875 0.3890625 0.40546875 0.36640625 0.3765625 0.33984375 0.3734375
0 0.303125 0.37421875 0.2921875 0.43671875 0.2703125 0.45390625 0.2515625 0.49609375 0.2375 0.60390625 0.25078125 0.6203125 0.2578125 0.62109375 0.2671875 0.58984375 0.29375 0.54609375 0.29375 0.44453125 0.33046875 0.3734375 0.37265625 0.3734375 0.3796875 0.36328125 0.371875 0.27109375 0.36328125 0.259375 0.33671875 0.25 0.3171875 0.25546875 0.3015625 0.31484375 0.303125 0.37421875
0 0.57109375 0.2921875 0.5515625 0.30546875 0.5390625 0.33046875 0.5453125 0.43984375 0.51953125 0.4484375 0.5015625 0.48046875 0.4765625 0.57578125 0.465625 0.67421875 0.46875 0.70703125 0.4828125 0.73671875 0.4921875 0.81796875 0.4921875 0.85234375 0.484375 0.88203125 0.4921875 0.99609375 0.5984375 0.99921875 0.6765625 0.82421875 0.678125 0.78984375 0.671875 0.76953125 0.6890625 0.75859375 0.69375 0.74140625 0.6953125 0.66328125 0.6640625 0.49921875 0.6546875 0.48203125 0.609375 0.44140625 0.6015625 0.31640625 0.58515625 0.29375 0.57109375 0.2921875
0 0.525 0.17734375 0.5171875 0.21015625 0.5171875 0.27421875 0.50625 0.30078125 0.48125 0.32578125 0.4765625 0.34296875 0.4828125 0.38203125 0.496875 0.40390625 0.50625 0.43671875 0.515625 0.44609375 0.53203125 0.440625 0.5390625 0.43046875 0.534375 0.33828125 0.540625 0.32265625 0.55859375 0.2953125 0.58203125 0.2890625 0.5875 0.28046875 0.5859375 0.20078125 0.56875 0.17109375 0.55234375 0.159375 0.53671875 0.1625 0.525 0.17734375
0 0.63125 0.27578125 0.6046875 0.31328125 0.6109375 0.43515625 0.6640625 0.48984375 0.6796875 0.56171875 0.69921875 0.5640625 0.70546875 0.571875 0.71953125 0.55 0.72734375 0.5484375 0.73515625 0.559375 0.73984375 0.5484375 0.7359375 0.56171875 0.746875 0.57109375 0.759375 0.49765625 0.7421875 0.35390625 0.728125 0.32578125 0.6828125 0.27109375 0.6796875 0.25234375 0.6953125 0.20078125 0.6875 0.15703125 0.67109375 0.140625 0.65234375 0.140625 0.634375 0.15703125 0.628125 0.17421875 0.63125 0.27578125
0 0.5859375 0.21796875 0.5890625 0.28046875 0.60078125 0.2953125 0.609375 0.29453125 0.625 0.27578125 0.6265625 0.23046875 0.6140625 0.21640625 0.6078125 0.19140625 0.60625 0.12890625 0.59453125 0.1109375 0.57421875 0.109375 0.559375 0.12734375 0.55625 0.15703125 0.5734375 0.18046875 0.58125 0.21640625 0.5859375 0.21796875
0 0.546875 0.03203125 0.5453125 0.07265625 0.53125 0.10234375 0.525 0.14140625 0.525 0.16640625 0.5296875 0.16640625 0.5546875 0.15234375 0.559375 0.12578125 0.57421875 0.109375 0.59296875 0.109375 0.60390625 0.125 0.609375 0.12421875 0.6 0.09296875 0.5828125 0.07421875 0.578125 0.02890625 0.56484375 0.015625 0.55390625 0.0203125 0.546875 0.03203125
0 0.628125 0.14609375 0.6328125 0.14921875 0.65078125 0.1375 0.6796875 0.13046875 0.684375 0.06328125 0.6796875 0.04921875 0.66328125 0.0390625 0.646875 0.05078125 0.640625 0.10078125 0.6203125 0.11796875 0.6140625 0.13515625 0.61640625 0.1421875 0.63203125 0.140625 0.628125 0.14609375
0 0.7265625 0.16953125 0.71875 0.09453125 0.71015625 0.0828125 0.70234375 0.0828125 0.6859375 0.10234375 0.684375 0.13203125 0.7265625 0.16953125
0 0.778125 0.16328125 0.7765625 0.09765625 0.76875 0.07890625 0.75546875 0.0703125 0.7375 0.07890625 0.73125 0.09765625 0.734375 0.14921875 0.7296875 0.17109375 0.740625 0.21796875 0.7328125 0.23203125 0.746875 0.23671875 0.778125 0.16328125
0 0.7484375 0.24765625 0.771875 0.31171875 0.7828125 0.40703125 0.80546875 0.4171875 0.840625 0.41796875 0.853125 0.40859375 0.85703125 0.396875 0.8734375 0.39140625 0.8796875 0.37578125 0.8796875 0.26171875 0.865625 0.19765625 0.8453125 0.16484375 0.8359375 0.10703125 0.82421875 0.096875 0.81015625 0.096875 0.8 0.10703125 0.7484375 0.24765625
0 0.8890625 0.01015625 0.884375 0.02421875 0.890625 0.07265625 0.8796875 0.13671875 0.878125 0.23515625 0.8859375 0.28671875 0.8859375 0.34296875 0.8921875 0.33984375 0.90078125 0.3046875 0.90859375 0.3203125 0.925 0.32109375 0.93828125 0.3546875 0.9515625 0.35390625 0.9578125 0.33984375 0.9578125 0.24453125 0.975 0.18671875 0.975 0.16796875 0.95625 0.10078125 0.940625 0.08203125 0.9375 0.05546875 0.925 0.04140625 0.9234375 0.01953125 0.91484375 0.00625 0.90078125 0.003125 0.8890625 0.01015625
0 0.84609375 0 0.8359375 0.01640625 0.8390625 0.05703125 0.834375 0.07890625 0.84375 0.12421875 0.84765625 0.13125 0.8609375 0.13203125 0.86171875 0.125 0.878125 0.12109375 0.8828125 0.07109375 0.871875 0.05078125 0.86875 0.00859375 0.86171875 0 0.84609375 0
0 0.78515625 0.0015625 0.778125 0.01015625 0.7765625 0.05234375 0.790625 0.08359375 0.7984375 0.08515625 0.80625 0.06796875 0.8046875 0.01328125 0.79765625 0.0015625 0.78515625 0.0015625
0 0.8328125 0.07578125 0.8390625 0.04609375 0.82890625 0.025 0.8171875 0.03515625 0.8140625 0.06015625 0.81796875 0.0734375 0.8328125 0.07578125
0 0.7328125 0.08203125 0.74453125 0.071875 0.76484375 0.071875 0.771875 0.05859375 0.7671875 0.02265625 0.75546875 0.00625 0.74609375 0.0046875 0.7359375 0.01171875 0.7296875 0.03828125 0.71953125 0.0421875 0.7109375 0.05546875 0.7125 0.07578125 0.7328125 0.08203125
0 0.68359375 0.0203125 0.675 0.03671875 0.684375 0.06171875 0.684375 0.08671875 0.6921875 0.08828125 0.70625 0.07421875 0.7078125 0.06171875 0.6984375 0.02890625 0.68359375 0.0203125
0 1 0.00078125 0.91484375 0 0.925 0.01328125 0.9265625 0.03828125 0.9390625 0.05546875 0.9421875 0.08046875 0.9578125 0.10078125 0.978125 0.15859375 0.990625 0.12578125 1 0.11953125 1 0.00078125
0 0.365625 0.08359375 0.3578125 0.20234375 0.36875 0.21328125 0.3703125 0.25390625 0.38125 0.26796875 0.4 0.22109375 0.41015625 0.2109375 0.43046875 0.2046875 0.4359375 0.19453125 0.4359375 0.10234375 0.4296875 0.07578125 0.4109375 0.04921875 0.41328125 0 0.390625 0.00078125 0.390625 0.04296875 0.371875 0.06484375 0.365625 0.08359375
0 0.23203125 0.0625 0.21875 0.07734375 0.2125 0.10703125 0.215625 0.15078125 0.1828125 0.18515625 0.1609375 0.26171875 0.1625 0.29609375 0.18125 0.31328125 0.18125 0.43671875 0.1875 0.45234375 0.2015625 0.46484375 0.21875 0.52109375 0.23125 0.53984375 0.2328125 0.56171875 0.2359375 0.54921875 0.240625 0.55078125 0.253125 0.48203125 0.275 0.44296875 0.275 0.34453125 0.2921875 0.30234375 0.2875 0.21015625 0.2796875 0.18046875 0.25625 0.15234375 0.2578125 0.08828125 0.24296875 0.0625 0.23203125 0.0625