0 0.05625 0.67578125 0.0546875 0.66796875 0.04609375 0.6640625 0.0171875 0.69140625 0.0171875 0.74296875 0.03125 0.81953125 0.05625 0.82578125 0.0640625 0.82109375 0.065625 0.80859375 0.053125 0.78203125 0.05625 0.67578125
0 0.0578125 0.20703125 0.03984375 0.190625 0.02265625 0.190625 0.0046875 0.20234375 0.0078125 0.27265625 0 0.28671875 0.0015625 0.59609375 0.0109375 0.63046875 0.0171875 0.63359375 0.0296875 0.61953125 0.0359375 0.59140625 0.065625 0.25703125 0.0578125 0.20703125
0 0.24375 0.58828125 0.24375 0.55078125 0.2484375 0.54609375 0.2359375 0.32421875 0.228125 0.25703125 0.2140625 0.20546875 0.20078125 0.1890625 0.1890625 0.18515625 0.178125 0.15546875 0.1671875 0.14296875 0.1734375 0.08984375 0.16875 0.05859375 0.1515625 0.02421875 0.12890625 0.0140625 0.1109375 0.02578125 0.0953125 0.05859375 0.0953125 0.10390625 0.109375 0.15390625 0.0953125 0.20859375 0.090625 0.21953125 0.075 0.23046875 0.065625 0.26484375 0.0484375 0.49765625 0.0328125 0.61796875 0.03671875 0.6203125 0.04921875 0.6078125 0.06640625 0.625 0.07421875 0.621875 0.0765625 0.62890625 0.0890625 0.83984375 0.0953125 0.85703125 0.090625 0.99921875 0.1484375 0.99609375 0.140625 0.81484375 0.14921875 0.7515625 0.165625 0.83046875 0.1609375 0.99609375 0.2125 0.99921875 0.2171875 0.88515625 0.2140625 0.74296875 0.221875 0.63203125 0.24375 0.58828125
0 0.3328125 0.55546875 0.34375 0.54296875 0.3453125 0.51640625 0.340625 0.44609375 0.3171875 0.38046875 0.2953125 0.35078125 0.303125 0.32578125 0.3 0.28984375 0.28828125 0.2765625 0.27265625 0.2765625 0.2625 0.28515625 0.2484375 0.31796875 0.259375 0.38515625 0.24375 0.41171875 0.24375 0.44609375 0.246875 0.46953125 0.25625 0.47578125 0.2640625 0.55078125 0.278125 0.56015625 0.278125 0.66484375 0.284375 0.70078125 0.28125 0.81171875 0.2609375 0.84765625 0.26796875 0.8609375 0.284375 0.86015625 0.31171875 0.84375 0.3328125 0.81171875 0.321875 0.68359375 0.3328125 0.55546875
0 0.4125 0.48671875 0.40859375 0.48125 0.38984375 0.484375 0.3859375 0.47578125 0.4 0.27578125 0.39375 0.26171875 0.38203125 0.25625 0.3671875 0.26640625 0.359375 0.28203125 0.36875 0.36015625 0.359375 0.43046875 0.3578125 0.53671875 0.3578125 0.64921875 0.3640625 0.70546875 0.3609375 0.76015625 0.3453125 0.77890625 0.3421875 0.79296875 0.34921875 0.7984375 0.36328125 0.796875 0.38203125 0.7890625 0.390625 0.77734375 0.3875 0.71796875 0.39296875 0.6828125 0.40625 0.77421875 0.403125 0.80390625 0.4140625 0.81015625 0.425 0.80234375 0.4125 0.68671875 0.415625 0.53984375 0.4125 0.48671875
0 0.515625 0.93515625 0.5078125 0.83046875 0.4765625 0.63828125 0.475 0.57734375 0.4859375 0.51796875 0.4859375 0.44453125 0.49375 0.42734375 0.4875 0.35703125 0.4953125 0.28203125 0.471875 0.22421875 0.471875 0.17890625 0.4609375 0.17265625 0.45625 0.15859375 0.4578125 0.07890625 0.4453125 0.04609375 0.43671875 0.040625 0.41171875 0.0515625 0.396875 0.06640625 0.3921875 0.08046875 0.3921875 0.16484375 0.4 0.18671875 0.4125 0.19296875 0.3984375 0.35703125 0.4171875 0.36796875 0.4140625 0.68984375 0.4359375 0.91640625 0.3921875 0.96328125 0.3890625 0.98515625 0.39453125 0.99375 0.4171875 0.99453125 0.47578125 0.9796875 0.48125 0.94921875 0.49921875 0.946875 0.515625 0.93515625
0 0.6046875 0.84609375 0.59375 0.79765625 0.5734375 0.57890625 0.5890625 0.28828125 0.58125 0.22578125 0.55625 0.18515625 0.5625 0.11796875 0.5515625 0.08671875 0.53671875 0.0828125 0.5109375 0.10546875 0.50625 0.11796875 0.509375 0.15390625 0.5015625 0.18515625 0.528125 0.21328125 0.5203125 0.24453125 0.51328125 0.25 0.50625 0.24609375 0.5 0.21015625 0.48828125 0.196875 0.47421875 0.196875 0.4703125 0.20859375 0.503125 0.30390625 0.4921875 0.33984375 0.490625 0.37265625 0.5015625 0.39140625 0.5015625 0.43515625 0.509375 0.44765625 0.5109375 0.63671875 0.5234375 0.73984375 0.5390625 0.80859375 0.5375 0.84921875 0.515625 0.87109375 0.5109375 0.89609375 0.51484375 0.9015625 0.52734375 0.9015625 0.57265625 0.8890625 0.56875 0.93984375 0.571875 0.95078125 0.5828125 0.95390625 0.6 0.94453125 0.60625 0.92265625 0.6015625 0.88828125 0.6046875 0.84609375
0 0.50625 0.24765625 0.5140625 0.25390625 0.528125 0.21640625 0.49765625 0.1859375 0.4953125 0.20859375 0.50625 0.24765625
0 0.625 0.47734375 0.628125 0.32421875 0.621875 0.30546875 0.6 0.28984375 0.609375 0.24140625 0.596875 0.20859375 0.58359375 0.2 0.575 0.21171875 0.584375 0.23515625 0.590625 0.29921875 0.5828125 0.35390625 0.584375 0.44453125 0.5796875 0.45546875 0.575 0.59609375 0.584375 0.70703125 0.58984375 0.7171875 0.5984375 0.71328125 0.60078125 0.6828125 0.6078125 0.70703125 0.603125 0.74609375 0.60859375 0.7515625 0.621875 0.75078125 0.628125 0.74296875 0.628125 0.67421875 0.61875 0.52421875 0.625 0.47734375
0 0.7140625 0.31640625 0.7078125 0.29140625 0.6796875 0.26171875 0.6875 0.21015625 0.684375 0.17578125 0.67421875 0.1609375 0.66015625 0.159375 0.64375 0.18203125 0.640625 0.23984375 0.6515625 0.27265625 0.63125 0.31328125 0.6265625 0.44140625 0.6296875 0.63046875 0.6421875 0.76640625 0.63125 0.79609375 0.609375 0.81171875 0.6078125 0.82109375 0.62109375 0.834375 0.66328125 0.8328125 0.6671875 0.85859375 0.68046875 0.86875 0.690625 0.86796875 0.7140625 0.85703125 0.725 0.82109375 0.7078125 0.59453125 0.7140625 0.31640625
0 0.778125 0.74140625 0.7578125 0.62578125 0.746875 0.47265625 0.7515625 0.44765625 0.771875 0.40390625 0.771875 0.33828125 0.7625 0.28359375 0.7328125 0.25703125 0.73125 0.17578125 0.72578125 0.165625 0.71015625 0.1625 0.69375 0.17734375 0.6921875 0.21484375 0.69375 0.24453125 0.70625 0.26484375 0.703125 0.28046875 0.7140625 0.30546875 0.7171875 0.33984375 0.709375 0.59453125 0.721875 0.71484375 0.721875 0.78828125 0.73359375 0.7875 0.740625 0.77890625 0.73828125 0.709375 0.7609375 0.79140625 0.7609375 0.82890625 0.775 0.83671875 0.7875 0.83046875 0.7875 0.81015625 0.778125 0.78203125 0.778125 0.74140625
0 0.7609375 0.27734375 0.778125 0.37578125 0.7921875 0.28203125 0.7875 0.26796875 0.76953125 0.259375 0.7609375 0.27734375
0 0.77421875 0.4015625 0.7484375 0.45546875 0.7484375 0.47890625 0.753125 0.56796875 0.75703125 0.5796875 0.76171875 0.546875 0.771875 0.66484375 0.775 0.67578125 0.7828125 0.67734375 0.7875 0.67265625 0.79375 0.55703125 0.778125 0.51015625 0.77421875 0.4015625
0 0.840625 0.61953125 0.8390625 0.70390625 0.84375 0.70703125 0.8484375 0.74921875 0.8578125 0.77421875 0.86796875 0.784375 0.88203125 0.7859375 0.8859375 0.77890625 0.8703125 0.73828125 0.8671875 0.62109375 0.86875 0.53671875 0.8828125 0.51484375 0.884375 0.39765625 0.86875 0.29296875 0.85703125 0.2765625 0.840625 0.27109375 0.840625 0.20078125 0.82578125 0.1796875 0.81328125 0.18125 0.8 0.19921875 0.8 0.24765625 0.809375 0.28046875 0.7859375 0.31328125 0.778125 0.38828125 0.7796875 0.50859375 0.796875 0.55078125 0.7953125 0.74296875 0.7796875 0.77734375 0.78828125 0.790625 0.796875 0.78984375 0.8140625 0.77578125 0.81875 0.76328125 0.82890625 0.56875 0.840625 0.61953125
0 0.928125 0.39453125 0.9421875 0.38359375 0.9421875 0.36328125 0.9296875 0.30078125 0.9125 0.25546875 0.9125 0.21796875 0.90078125 0.2078125 0.89140625 0.2078125 0.8765625 0.22421875 0.8703125 0.27265625 0.884375 0.39140625 0.884375 0.51328125 0.86875 0.54296875 0.8671875 0.61484375 0.87265625 0.6484375 0.8875 0.61328125 0.88125 0.69921875 0.884375 0.76328125 0.88828125 0.7734375 0.90625 0.77265625 0.9125 0.76640625 0.909375 0.73828125 0.928125 0.59453125 0.928125 0.39453125
0 0.965625 0.44609375 0.9703125 0.44140625 0.96875 0.42421875 0.98828125 0.4140625 0.99375 0.40078125 0.9796875 0.32265625 0.95 0.28984375 0.9578125 0.24765625 0.95625 0.22109375 0.94921875 0.2109375 0.93046875 0.2109375 0.91875 0.22890625 0.915625 0.26015625 0.9421875 0.36171875 0.9421875 0.38671875 0.928125 0.40078125 0.9265625 0.55390625 0.928125 0.57265625 0.9390625 0.59296875 0.94375 0.67421875 0.934375 0.72265625 0.93671875 0.728125 0.95625 0.72734375 0.9640625 0.71953125 0.965625 0.58046875 0.978125 0.56328125 0.965625 0.44609375