0 0.1109375 0.69765625 0.0984375 0.64453125 0.0984375 0.54609375 0.0734375 0.51015625 0.084375 0.50546875 0.0859375 0.48671875 0.07265625 0.478125 0.0671875 0.49453125 0.078125 0.49921875 0.06015625 0.4984375 0.0546875 0.50390625 0.0328125 0.54921875 0.0328125 0.57734375 0.0265625 0.58671875 0.0234375 0.65234375 0.0296875 0.70546875 0.0234375 0.78046875 0.03125 0.79921875 0.03125 0.86796875 0.0390625 0.89765625 0.0390625 0.99921875 0.1015625 0.99921875 0.1015625 0.95546875 0.11875 0.88203125 0.109375 0.80390625 0.1109375 0.69765625
0 0.146875 0.68515625 0.1390625 0.61796875 0.1265625 0.58203125 0.1296875 0.54765625 0.11796875 0.5421875 0.103125 0.56953125 0.10625 0.62421875 0.1015625 0.64921875 0.115625 0.67578125 0.1265625 0.75703125 0.1234375 0.76953125 0.13125 0.77265625 0.15703125 0.76875 0.165625 0.75703125 0.165625 0.73984375 0.146875 0.68515625
0 0.1890625 0.58671875 0.1796875 0.58359375 0.1609375 0.54453125 0.14453125 0.5375 0.13125 0.55078125 0.125 0.57265625 0.1390625 0.61640625 0.1421875 0.66484375 0.1625 0.71015625 0.1671875 0.67421875 0.1921875 0.63203125 0.196875 0.61171875 0.1890625 0.58671875
0 0.34609375 0.88125 0.3140625 0.90234375 0.3015625 0.77734375 0.26875 0.73828125 0.26875 0.72265625 0.271875 0.70546875 0.2953125 0.68984375 0.3 0.61171875 0.325 0.59296875 0.3296875 0.57421875 0.29453125 0.5625 0.26796875 0.525 0.24453125 0.5171875 0.2171875 0.53359375 0.1984375 0.56015625 0.19375 0.57890625 0.209375 0.64453125 0.2125 0.70390625 0.209375 0.72265625 0.178125 0.76796875 0.1625 0.81328125 0.1625 0.98671875 0.16640625 1 0.3046875 0.99921875 0.325 0.96484375 0.346875 0.94296875 0.3546875 0.90703125 0.34609375 0.88125
0 0.0109375 0.54609375 0.00078125 0.5421875 0 0.68671875 0.009375 0.71015625 0.0125 0.76171875 0.0203125 0.78359375 0.0265625 0.68515625 0.0203125 0.65078125 0.01875 0.56484375 0.0109375 0.54609375
0 0.275 0.49609375 0.2671875 0.52109375 0.29296875 0.5578125 0.3109375 0.56171875 0.3078125 0.49765625 0.29765625 0.4890625 0.28515625 0.4890625 0.275 0.49609375
0 0.3984375 0.56171875 0.3921875 0.54296875 0.36171875 0.5140625 0.35234375 0.5171875 0.34375 0.53203125 0.3515625 0.61484375 0.34375 0.61953125 0.3421875 0.60546875 0.33046875 0.590625 0.3140625 0.60703125 0.3546875 0.69453125 0.371875 0.66328125 0.38125 0.62109375 0.3984375 0.59921875 0.3984375 0.56171875
0 0.4921875 0.77890625 0.5078125 0.74140625 0.5109375 0.69453125 0.50625 0.68515625 0.50625 0.63515625 0.4578125 0.59765625 0.453125 0.58671875 0.453125 0.50703125 0.440625 0.48203125 0.42421875 0.478125 0.4 0.50703125 0.4140625 0.59453125 0.38125 0.62421875 0.359375 0.71171875 0.3875 0.76640625 0.41796875 0.7671875 0.4234375 0.77578125 0.4234375 0.79921875 0.440625 0.79921875 0.4640625 0.78828125 0.4640625 0.77421875 0.47109375 0.765625 0.4921875 0.77890625
0 0.5703125 0.57734375 0.546875 0.51953125 0.53828125 0.509375 0.52578125 0.50625 0.515625 0.51171875 0.509375 0.53046875 0.509375 0.54609375 0.521875 0.57421875 0.5125 0.62421875 0.5296875 0.64609375 0.534375 0.68828125 0.5390625 0.68984375 0.553125 0.66171875 0.5765625 0.64765625 0.58125 0.62734375 0.5703125 0.57734375
0 0.7015625 0.70078125 0.6953125 0.67578125 0.7 0.57890625 0.6875 0.52578125 0.67578125 0.5078125 0.65546875 0.4953125 0.62265625 0.4953125 0.59375 0.51953125 0.575 0.57734375 0.5796875 0.61484375 0.6015625 0.65859375 0.5953125 0.68984375 0.58515625 0.703125 0.56484375 0.7 0.54140625 0.709375 0.5 0.76484375 0.5 0.80546875 0.46875 0.92265625 0.4765625 0.96796875 0.50078125 1 0.8078125 0.99921875 0.7984375 0.89140625 0.775 0.77578125 0.7515625 0.73828125 0.7015625 0.70078125
0 0.853125 0.66328125 0.83203125 0.6546875 0.815625 0.63359375 0.8140625 0.61953125 0.8265625 0.59453125 0.834375 0.54609375 0.8296875 0.52734375 0.8328125 0.48984375 0.81875 0.45546875 0.80078125 0.440625 0.77265625 0.446875 0.7546875 0.47578125 0.74375 0.54765625 0.7578125 0.57578125 0.7578125 0.60859375 0.74296875 0.625 0.72109375 0.6328125 0.6984375 0.66796875 0.709375 0.70390625 0.75234375 0.734375 0.7703125 0.75859375 0.78125 0.78046875 0.7875 0.81796875 0.79375 0.82109375 0.809375 0.79453125 0.8546875 0.75546875 0.8640625 0.68828125 0.853125 0.66328125
0 0.94375 0.50078125 0.9328125 0.47265625 0.91796875 0.46875 0.9015625 0.48515625 0.9015625 0.52421875 0.90859375 0.5265625 0.91484375 0.5171875 0.92265625 0.51875 0.93203125 0.5328125 0.9390625 0.53359375 0.9390625 0.55390625 0.91640625 0.5421875 0.8859375 0.56796875 0.878125 0.59921875 0.89609375 0.5859375 0.94296875 0.5953125 0.9546875 0.64296875 0.9703125 0.65078125 0.9703125 0.59765625 0.9625 0.57734375 0.946875 0.56015625 0.94375 0.50078125
0 1 0.78359375 0.96640625 0.7609375 0.95625 0.73984375 0.95625 0.72109375 0.9765625 0.67421875 0.9703125 0.65078125 0.9703125 0.60078125 0.9625 0.57890625 0.94765625 0.5625 0.91171875 0.5515625 0.8859375 0.57109375 0.878125 0.62578125 0.8703125 0.63828125 0.8734375 0.67890625 0.8609375 0.70390625 0.8609375 0.71953125 0.8734375 0.73203125 0.8734375 0.74453125 0.8140625 0.79296875 0.7921875 0.83359375 0.8140625 0.99921875 1 0.99921875 1 0.78359375