0 0 0.75859375 0.0171875 0.83359375 0.0109375 0.89765625 0.01328125 0.9015625 0.015625 0.87890625 0.02109375 0.878125 0.01875 0.91015625 0.03828125 0.928125 0.0515625 0.93046875 0.05234375 1 0.3234375 0.99921875 0.2734375 0.80234375 0.271875 0.78203125 0.2890625 0.75078125 0.2890625 0.65859375 0.2703125 0.52734375 0.2453125 0.43203125 0.2515625 0.38515625 0.2484375 0.37265625 0.2234375 0.35078125 0.2328125 0.27109375 0.234375 0.18671875 0.2078125 0.12265625 0.20078125 0.115625 0.18203125 0.1140625 0.15390625 0.1234375 0.1359375 0.15234375 0.1234375 0.30234375 0.053125 0.42734375 0.025 0.51328125 0.0265625 0.56015625 0 0.66640625 0 0.75859375
0 0.4078125 0.18515625 0.3921875 0.16484375 0.3859375 0.07734375 0.378125 0.04765625 0.36796875 0.0390625 0.34609375 0.04375 0.3359375 0.06328125 0.3421875 0.13203125 0.334375 0.18203125 0.334375 0.53984375 0.346875 0.66015625 0.340625 0.70859375 0.3484375 0.71015625 0.3578125 0.67734375 0.3671875 0.66640625 0.36953125 0.6140625 0.3734375 0.66796875 0.38671875 0.66875 0.39375 0.65859375 0.3984375 0.59296875 0.39375 0.41484375 0.4046875 0.35546875 0.428125 0.30390625 0.4203125 0.22265625 0.4078125 0.18515625
0 0 0.38203125 0.03515625 0.38125 0.03984375 0.3703125 0.04296875 0.378125 0.04765625 0.3375 0.053125 0.41484375 0.0875 0.36484375 0.115625 0.31171875 0.125 0.28046875 0.1234375 0.26640625 0.10625 0.25859375 0.0953125 0.18515625 0.08046875 0.175 0.0625 0.18203125 0.04375 0.22734375 0 0.28671875 0 0.38203125
0 0.453125 0.24765625 0.45625 0.20234375 0.4484375 0.16484375 0.428125 0.13984375 0.425 0.10234375 0.41171875 0.0921875 0.3984375 0.10390625 0.390625 0.14296875 0.39375 0.16171875 0.4203125 0.21640625 0.4328125 0.28046875 0.453125 0.24765625
0 0.5765625 0.43046875 0.578125 0.38515625 0.5640625 0.28203125 0.5328125 0.22578125 0.5296875 0.12578125 0.51171875 0.1015625 0.49921875 0.1015625 0.4859375 0.11015625 0.4796875 0.12734375 0.475 0.15390625 0.478125 0.18671875 0.4609375 0.24296875 0.4390625 0.27578125 0.4265625 0.31953125 0.40625 0.36171875 0.3953125 0.46328125 0.40234375 0.475 0.4203125 0.46796875 0.4234375 0.42265625 0.44609375 0.3765625 0.446875 0.46171875 0.434375 0.65859375 0.446875 0.75859375 0.45546875 0.7671875 0.47421875 0.753125 0.478125 0.75859375 0.49375 0.88984375 0.478125 0.94921875 0.5125 0.97578125 0.51875 0.95859375 0.53046875 0.9546875 0.5328125 0.94765625 0.5328125 0.93203125 0.525 0.92109375 0.525 0.88984375 0.5390625 0.78984375 0.55078125 0.7859375 0.5546875 0.77578125 0.559375 0.66796875 0.5546875 0.46015625 0.5765625 0.43046875
0 0.5546875 0.16328125 0.575 0.13828125 0.5703125 0.12109375 0.56171875 0.115625 0.5484375 0.12890625 0.5484375 0.15390625 0.5546875 0.16328125
0 0.6125 0.11171875 0.6109375 0.05859375 0.60078125 0.04375 0.58984375 0.040625 0.575 0.06171875 0.5796875 0.13359375 0.553125 0.16796875 0.540625 0.19765625 0.5375 0.22578125 0.5671875 0.28359375 0.578125 0.35703125 0.58125 0.42421875 0.5703125 0.46015625 0.575 0.57109375 0.5875 0.65703125 0.5796875 0.69765625 0.58359375 0.703125 0.6046875 0.70234375 0.61015625 0.6796875 0.62578125 0.684375 0.6328125 0.67578125 0.6296875 0.61953125 0.6453125 0.52890625 0.640625 0.43046875 0.653125 0.32109375 0.6640625 0.28984375 0.665625 0.22109375 0.6484375 0.14921875 0.625 0.11796875 0.6125 0.11171875
0 1 0.40078125 0.9890625 0.39453125 0.9734375 0.35546875 0.9703125 0.31796875 0.946875 0.24453125 0.92421875 0.2265625 0.90390625 0.2296875 0.8859375 0.24296875 0.8640625 0.30234375 0.86875 0.34140625 0.89375 0.39296875 0.89375 0.41953125 0.909375 0.44765625 0.9265625 0.45859375 0.9125 0.52890625 0.8828125 0.58671875 0.8859375 0.60078125 0.87578125 0.6 0.8546875 0.58359375 0.8546875 0.62109375 0.8625 0.64765625 0.8890625 0.67109375 0.8859375 0.70234375 0.878125 0.70703125 0.8859375 0.71953125 0.878125 0.72109375 0.871875 0.74609375 0.8765625 0.74765625 0.878125 0.78984375 0.88359375 0.7859375 0.8859375 0.79609375 0.884375 0.80546875 0.878125 0.80390625 0.8859375 0.82109375 0.878125 0.82265625 0.8875 0.82734375 0.890625 0.84453125 0.88359375 0.8546875 0.878125 0.85078125 0.8765625 0.86328125 0.884375 0.87890625 0.8828125 0.89140625 0.890625 0.89609375 0.8859375 0.90703125 0.8921875 0.91171875 0.890625 0.93828125 0.88125 0.94453125 0.890625 0.98046875 0.896875 0.98515625 0.909375 0.98203125 0.909375 0.94140625 0.9171875 0.93828125 0.91796875 0.9234375 0.96796875 0.925 0.96953125 0.9390625 0.971875 0.91015625 0.978125 0.90703125 0.98203125 0.8828125 1 0.90859375 1 0.40078125
0 1 0.35078125 0.990625 0.29453125 0.97734375 0.2765625 0.96796875 0.2734375 0.9609375 0.27890625 0.9609375 0.28828125 0.9734375 0.35078125 0.990625 0.39296875 1 0.39609375 1 0.35078125
0 0.8984375 0.51015625 0.9125 0.48828125 0.9140625 0.46953125 0.9125 0.46015625 0.9046875 0.46015625 0.8984375 0.43515625 0.8890625 0.42890625 0.8921875 0.41953125 0.884375 0.39765625 0.86328125 0.384375 0.8546875 0.37109375 0.8453125 0.32265625 0.82890625 0.3078125 0.809375 0.31640625 0.8 0.35078125 0.8015625 0.40546875 0.8203125 0.43203125 0.8234375 0.49453125 0.8140625 0.60859375 0.815625 0.64140625 0.8234375 0.65703125 0.784375 0.77109375 0.7859375 0.94140625 0.778125 0.97578125 0.78359375 1 0.821875 0.99921875 0.8234375 0.84765625 0.8296875 0.79296875 0.840625 0.76328125 0.8328125 0.65234375 0.8484375 0.63984375 0.853125 0.62421875 0.85 0.57421875 0.86015625 0.571875 0.87578125 0.5859375 0.8765625 0.57265625 0.896875 0.55390625 0.8984375 0.51015625
0 0.871875 0.38515625 0.88125 0.37734375 0.8640625 0.33046875 0.86015625 0.3015625 0.84375 0.31484375 0.859375 0.37890625 0.871875 0.38515625