0 0.85859375 0.9015625 0.81640625 0.884375 0.778125 0.85859375 0.796875 0.76640625 0.8046875 0.67265625 0.7953125 0.64453125 0.796875 0.55234375 0.790625 0.52734375 0.759375 0.47109375 0.70546875 0.4375 0.65703125 0.421875 0.63828125 0.4234375 0.60234375 0.4390625 0.5640625 0.47890625 0.5453125 0.54140625 0.546875 0.65078125 0.5421875 0.67421875 0.5703125 0.84765625 0.51015625 0.884375 0.45859375 0.9 0.42265625 0.9296875 0.39765625 0.940625 0.353125 0.99921875 0.9921875 0.99921875 0.93046875 0.93125 0.88671875 0.9125 0.87578125 0.9015625 0.85859375 0.9015625
0 0.6359375 0.17734375 0.634375 0.14765625 0.62109375 0.14375 0.6125 0.15546875 0.6125 0.17734375 0.6015625 0.18671875 0.5953125 0.21015625 0.62890625 0.2125 0.63125 0.24765625 0.6375 0.25234375 0.6453125 0.24296875 0.653125 0.20390625 0.65 0.18984375 0.6359375 0.17734375
0 0.6046875 0.22890625 0.5890625 0.21640625 0.596875 0.17578125 0.58984375 0.1640625 0.57578125 0.1609375 0.5640625 0.17421875 0.565625 0.20703125 0.55078125 0.2125 0.5375 0.22734375 0.5359375 0.26484375 0.54765625 0.271875 0.59140625 0.2765625 0.6015625 0.30703125 0.61875 0.30859375 0.625 0.30390625 0.6234375 0.27890625 0.6140625 0.24765625 0.6046875 0.22890625
0 0.55390625 0.1 0.53515625 0.115625 0.53046875 0.1078125 0.52265625 0.1140625 0.5140625 0.11015625 0.5140625 0.12109375 0.51875 0.12109375 0.5125 0.12734375 0.5203125 0.13671875 0.521875 0.16171875 0.5265625 0.16171875 0.52890625 0.1546875 0.5625 0.15390625 0.5609375 0.10703125 0.55390625 0.1
0 0.58984375 0.1125 0.5796875 0.12109375 0.5921875 0.12578125 0.6015625 0.16171875 0.603125 0.13671875 0.6140625 0.11953125 0.61171875 0.1078125 0.58984375 0.1125
0 0.628125 0.08828125 0.6046875 0.13515625 0.6046875 0.14609375 0.609375 0.14609375 0.61328125 0.1375 0.6390625 0.13359375 0.63671875 0.0859375 0.628125 0.08828125
0 0.509375 0.04140625 0.4984375 0.09921875 0.51484375 0.1125 0.53125 0.11171875 0.5328125 0.07265625 0.5265625 0.03828125 0.51640625 0.034375 0.509375 0.04140625
0 0.4484375 0.13984375 0.4484375 0.13046875 0.43984375 0.1234375 0.4390625 0.13203125 0.4484375 0.13984375
0 0.45234375 0.1859375 0.4546875 0.16484375 0.43984375 0.1625 0.43671875 0.1484375 0.40390625 0.146875 0.40625 0.17890625 0.42421875 0.175 0.41875 0.18046875 0.41875 0.19296875 0.4234375 0.19296875 0.43203125 0.1828125 0.43515625 0.190625 0.43984375 0.1828125 0.45234375 0.1859375
0 0.39375 0.14140625 0.40625 0.15234375 0.4171875 0.14921875 0.41875 0.13046875 0.41328125 0.1234375 0.39375 0.14140625
0 0.44609375 0.0953125 0.4421875 0.12734375 0.4484375 0.14140625 0.4359375 0.14921875 0.434375 0.15859375 0.45703125 0.1765625 0.478125 0.17734375 0.4796875 0.15390625 0.46875 0.14140625 0.4625 0.11484375 0.44609375 0.0953125
0 0.29609375 0.24375 0.275 0.22421875 0.265625 0.18515625 0.25234375 0.1796875 0.240625 0.19296875 0.2453125 0.22265625 0.21953125 0.2265625 0.21796875 0.2328125 0.2046875 0.23046875 0.209375 0.25859375 0.22890625 0.2734375 0.2921875 0.27734375 0.30546875 0.2671875 0.31953125 0.265625 0.328125 0.24765625 0.29609375 0.24375
0 0.30546875 0.178125 0.290625 0.17421875 0.29296875 0.140625 0.2828125 0.14296875 0.2796875 0.16484375 0.27109375 0.1703125 0.265625 0.16796875 0.26328125 0.1484375 0.2609375 0.17734375 0.2734375 0.20234375 0.27890625 0.203125 0.28046875 0.1953125 0.29140625 0.1953125 0.29609375 0.2109375 0.315625 0.21171875 0.325 0.20703125 0.321875 0.17421875 0.31015625 0.165625 0.30546875 0.178125
0 0.4890625 0.52421875 0.484375 0.49140625 0.39140625 0.465625 0.32265625 0.46875 0.29921875 0.478125 0.28671875 0.4734375 0.2703125 0.45078125 0.2921875 0.40703125 0.2953125 0.37421875 0.2890625 0.35703125 0.27890625 0.3546875 0.265625 0.36328125 0.2671875 0.37578125 0.2765625 0.38515625 0.275 0.39453125 0.25546875 0.41875 0.24921875 0.41875 0.2078125 0.38515625 0.1953125 0.33046875 0.18046875 0.31875 0.16171875 0.321875 0.153125 0.33203125 0.1515625 0.35078125 0.16875 0.41796875 0.153125 0.45234375 0.1734375 0.47109375 0.19140625 0.5 0.2609375 0.52578125 0.26015625 0.53125 0.25 0.53359375 0.25703125 0.5625 0.28515625 0.565625 0.30859375 0.559375 0.33125 0.57109375 0.34296875 0.559375 0.43203125 0.5484375 0.48515625 0.53125 0.4890625 0.52421875
0 0.0578125 0.42421875 0.06015625 0.4375 0.109375 0.44140625 0.115625 0.43984375 0.11171875 0.4234375 0.06796875 0.415625 0.0578125 0.42421875
0 0 0.43515625 0.0046875 0.43515625 0.0546875 0.41640625 0.05859375 0.36875 0.07734375 0.3828125 0.0953125 0.37890625 0.090625 0.35703125 0.053125 0.29453125 0.0625 0.24140625 0.03984375 0.221875 0.0234375 0.22890625 0.01875 0.23984375 0.021875 0.27578125 0 0.29296875 0 0.43515625
0 0.165625 0.92578125 0.15390625 0.8734375 0.13828125 0.875 0.12578125 0.8625 0.109375 0.87578125 0.10625 0.89453125 0.10234375 0.9015625 0.0984375 0.89921875 0.1015625 0.87421875 0.0859375 0.84453125 0.08125 0.78359375 0.071875 0.76484375 0.0703125 0.74453125 0.04140625 0.7171875 0.00078125 0.71875 0 0.99921875 0.21875 0.99921875 0.21875 0.97265625 0.228125 0.96171875 0.18359375 0.94375 0.165625 0.92578125
0 0.534375 0.66796875 0.528125 0.66328125 0.5390625 0.63359375 0.53984375 0.55625 0.51484375 0.578125 0.47421875 0.56875 0.45859375 0.5734375 0.4546875 0.58046875 0.4515625 0.62421875 0.47421875 0.628125 0.484375 0.63984375 0.475 0.66953125 0.48359375 0.6703125 0.48671875 0.68125 0.49140625 0.6734375 0.49453125 0.6796875 0.49921875 0.6734375 0.5046875 0.68046875 0.51484375 0.665625 0.5265625 0.67109375 0.52578125 0.6796875 0.534375 0.66796875
0 0.6140625 0.40859375 0.625 0.38203125 0.625 0.35234375 0.6171875 0.33671875 0.60234375 0.325 0.57734375 0.325 0.5609375 0.34140625 0.55625 0.40546875 0.5421875 0.43984375 0.5421875 0.45546875 0.54609375 0.4625 0.5625 0.46640625 0.57890625 0.4609375 0.59765625 0.4390625 0.6125 0.43203125 0.6140625 0.40859375
0 0.6546875 0.13515625 0.653125 0.11328125 0.64296875 0.1109375 0.6328125 0.14609375 0.6375 0.16171875 0.65234375 0.1625 0.6609375 0.17890625 0.6734375 0.16953125 0.6734375 0.15703125 0.66875 0.14453125 0.6546875 0.13515625