0 0.0984375 0.40234375 0.1140625 0.36484375 0.1 0.30390625 0.0765625 0.27578125 0.075 0.24453125 0.06328125 0.228125 0.05546875 0.2265625 0.0390625 0.24921875 0.034375 0.29453125 0.01953125 0.3125 0.0078125 0.31640625 0.00625 0.33984375 0.0171875 0.35078125 0.0109375 0.38046875 0.025 0.39453125 0.025 0.51015625 0.03125 0.54765625 0.04375 0.55546875 0.05 0.64296875 0.06015625 0.6484375 0.065625 0.63984375 0.0625 0.59765625 0.06796875 0.5546875 0.071875 0.63359375 0.08125 0.65078125 0.090625 0.54609375 0.0984375 0.52734375 0.09375 0.47578125 0.0984375 0.40234375
0 0.284375 0.79296875 0.2828125 0.66171875 0.296875 0.55703125 0.30390625 0.6 0.31328125 0.6015625 0.325 0.58046875 0.325 0.55859375 0.33125 0.55390625 0.33125 0.49453125 0.3140625 0.28515625 0.2734375 0.24921875 0.278125 0.21796875 0.275 0.15703125 0.26171875 0.1375 0.24453125 0.1328125 0.2265625 0.14453125 0.2203125 0.16015625 0.2203125 0.19921875 0.228125 0.21953125 0.221875 0.23828125 0.21328125 0.2484375 0.171875 0.26953125 0.146875 0.33515625 0.115625 0.38671875 0.0953125 0.46328125 0.10546875 0.4796875 0.11875 0.47578125 0.128125 0.44765625 0.15625 0.41171875 0.1640625 0.38671875 0.17734375 0.36875 0.1859375 0.41640625 0.18125 0.48046875 0.1859375 0.73828125 0.209375 0.88203125 0.203125 0.93046875 0.22890625 0.934375 0.23671875 0.9265625 0.24453125 0.953125 0.278125 0.95546875 0.28125 0.93984375 0.2734375 0.91484375 0.2796875 0.89609375 0.284375 0.79296875
0 0.35703125 0.253125 0.34296875 0.2359375 0.32421875 0.2328125 0.3125 0.25078125 0.3125 0.27109375 0.3359375 0.31796875 0.325 0.36015625 0.34609375 0.375 0.3875 0.37578125 0.3953125 0.36953125 0.3921875 0.27734375 0.36953125 0.253125 0.35703125 0.253125
0 0.44375 0.29765625 0.43125 0.28046875 0.4296875 0.25859375 0.434375 0.24453125 0.4515625 0.23203125 0.4546875 0.21953125 0.453125 0.18671875 0.43984375 0.171875 0.42265625 0.175 0.4140625 0.18828125 0.415625 0.24140625 0.39375 0.28359375 0.3953125 0.36328125 0.40234375 0.3765625 0.4171875 0.37890625 0.42890625 0.3625 0.4390625 0.35859375 0.4375 0.32578125 0.44375 0.29765625
0 0.39921875 0.2 0.378125 0.20703125 0.3609375 0.24453125 0.39375 0.27734375 0.409375 0.25859375 0.4140625 0.23984375 0.4109375 0.21171875 0.39921875 0.2
0 0.46875 0.24609375 0.44765625 0.2328125 0.43125 0.24921875 0.4296875 0.27734375 0.4421875 0.29453125 0.4421875 0.31953125 0.465625 0.33515625 0.4765625 0.31796875 0.4765625 0.29140625 0.4859375 0.27578125 0.46875 0.24609375
0 0.4734375 0.44453125 0.48515625 0.453125 0.5296875 0.45859375 0.53125 0.43203125 0.52578125 0.428125 0.49140625 0.4234375 0.4734375 0.44453125
0 0.5609375 0.29765625 0.54609375 0.271875 0.521875 0.26328125 0.5328125 0.21171875 0.528125 0.19609375 0.51484375 0.1875 0.49921875 0.190625 0.4890625 0.20234375 0.4828125 0.24765625 0.49375 0.27265625 0.478125 0.29140625 0.478125 0.31796875 0.4625 0.36484375 0.44375 0.36953125 0.4421875 0.38203125 0.428125 0.40078125 0.43828125 0.409375 0.4484375 0.40859375 0.52578125 0.4046875 0.5578125 0.38984375 0.5515625 0.32578125 0.5609375 0.29765625
0 0.628125 0.22890625 0.61015625 0.1875 0.6 0.19765625 0.5953125 0.23203125 0.578125 0.24609375 0.56875 0.26640625 0.5828125 0.32421875 0.6109375 0.31015625 0.6203125 0.28515625 0.61875 0.26171875 0.628125 0.22890625
0 0.69453125 0.1921875 0.678125 0.19296875 0.64921875 0.140625 0.62734375 0.1390625 0.628125 0.14921875 0.6125 0.17734375 0.6171875 0.20078125 0.62890625 0.2109375 0.65546875 0.203125 0.67109375 0.20625 0.6859375 0.25859375 0.70078125 0.275 0.728125 0.28828125 0.7296875 0.26015625 0.721875 0.25078125 0.7109375 0.20390625 0.69453125 0.1921875
0 0.72578125 0.3828125 0.7328125 0.37265625 0.7328125 0.30859375 0.728125 0.29453125 0.684375 0.26015625 0.675 0.21171875 0.66484375 0.2046875 0.64453125 0.203125 0.63125 0.21328125 0.6203125 0.26015625 0.634375 0.32109375 0.6234375 0.35234375 0.628125 0.38671875 0.634375 0.40703125 0.65234375 0.421875 0.6921875 0.42578125 0.6984375 0.40703125 0.690625 0.38203125 0.71484375 0.3765625 0.72578125 0.3828125
0 0.7859375 0.28671875 0.7859375 0.24296875 0.76640625 0.221875 0.74609375 0.228125 0.7375 0.23984375 0.73125 0.27734375 0.7328125 0.30703125 0.740625 0.32578125 0.7359375 0.38515625 0.74140625 0.390625 0.7578125 0.38984375 0.775 0.37578125 0.7828125 0.34140625 0.7953125 0.32265625 0.7859375 0.28671875
0 0.8921875 0.24453125 0.86875 0.20859375 0.85625 0.16484375 0.83671875 0.146875 0.82109375 0.1484375 0.8078125 0.16171875 0.8015625 0.18984375 0.78515625 0.196875 0.7796875 0.21015625 0.7984375 0.21640625 0.80625 0.26328125 0.8390625 0.29765625 0.8375 0.39765625 0.8859375 0.40546875 0.9015625 0.39765625 0.915625 0.35234375 0.8921875 0.32421875 0.8921875 0.24453125
0 0.8890625 0.50234375 0.8890625 0.52421875 0.89375 0.56953125 0.903125 0.59609375 0.9 0.62734375 0.93203125 0.640625 0.965625 0.64453125 0.9625 0.50390625 0.94765625 0.49375 0.89609375 0.4921875 0.8890625 0.50234375
0 0.96171875 0.6671875 0.88984375 0.65 0.884375 0.65390625 0.88125 0.70078125 0.9015625 0.77265625 0.9 0.82890625 0.890625 0.86640625 0.8640625 0.88828125 0.8609375 0.90703125 0.86953125 0.915625 0.89453125 0.9171875 0.915625 0.93046875 0.946875 0.82421875 0.96875 0.78828125 0.9671875 0.67421875 0.96171875 0.6671875
0 0.9734375 0.38359375 0.98125 0.36484375 0.97734375 0.3046875 0.98828125 0.3625 0.996875 0.34765625 0.9921875 0.33359375 1 0.30546875 0.9984375 0.22421875 0.9859375 0.21796875 0.9859375 0.24765625 0.97265625 0.2484375 0.96953125 0.2546875 0.9609375 0.24296875 0.9640625 0.22265625 0.984375 0.21640625 0.96484375 0.2046875 0.96171875 0.209375 0.95 0.18984375 0.94296875 0.184375 0.93828125 0.1875 0.9375 0.17734375 0.93046875 0.1734375 0.925 0.17421875 0.92265625 0.1875 0.91484375 0.1859375 0.90625 0.19453125 0.8890625 0.22265625 0.89375 0.32265625 0.9171875 0.35078125 0.903125 0.39609375 0.89140625 0.4046875 0.86953125 0.4078125 0.8609375 0.43515625 0.8671875 0.46015625 0.87890625 0.46875 0.890625 0.46796875 0.92890625 0.4546875 0.971875 0.45234375 0.978125 0.44296875 0.9734375 0.38359375