0 0 0.91640625 0.0046875 0.93828125 0 0.99921875 0.1453125 0.99921875 0.1640625 0.96796875 0.1765625 0.91640625 0.1703125 0.86953125 0.15625 0.84765625 0.1625 0.80390625 0.146875 0.74765625 0.12890625 0.721875 0.09296875 0.7015625 0.07109375 0.7 0.02890625 0.7109375 0 0.73828125 0 0.91640625
0 0.2828125 0.60078125 0.2671875 0.55390625 0.2515625 0.52890625 0.23515625 0.5203125 0.21640625 0.5203125 0.1984375 0.53515625 0.18125 0.57109375 0.1671875 0.67265625 0.1703125 0.72109375 0.2203125 0.80390625 0.2203125 0.83828125 0.1984375 0.86953125 0.1984375 0.89921875 0.215625 0.99453125 0.21796875 1 0.3265625 0.99921875 0.33125 0.87109375 0.315625 0.75078125 0.2828125 0.66640625 0.2828125 0.60078125
0 0.1625 0.56640625 0.18125 0.52109375 0.1640625 0.45546875 0.14765625 0.4390625 0.12890625 0.4328125 0.11796875 0.4359375 0.1046875 0.45234375 0.1171875 0.48515625 0.11875 0.54765625 0.1078125 0.58515625 0.0890625 0.60390625 0.125 0.63828125 0.1546875 0.68984375 0.1625 0.68359375 0.16875 0.66171875 0.175 0.61015625 0.1625 0.56640625
0 0 0.72578125 0.02734375 0.7078125 0.08671875 0.696875 0.11328125 0.70625 0.14375 0.72734375 0.14296875 0.721875 0.16328125 0.721875 0.1640625 0.71640625 0.121875 0.63671875 0.09296875 0.61875 0.0828125 0.60546875 0.08828125 0.5921875 0.10625 0.58359375 0.1171875 0.54921875 0.1078125 0.47421875 0.090625 0.43359375 0.0921875 0.40859375 0.06484375 0.3875 0.01953125 0.384375 0 0.41328125 0 0.53984375 0.0171875 0.57734375 0.0125 0.61328125 0 0.63671875 0 0.72578125
0 0.3453125 0.56484375 0.346875 0.54453125 0.315625 0.47421875 0.315625 0.43359375 0.30625 0.41640625 0.3015625 0.34140625 0.28046875 0.31875 0.25859375 0.3140625 0.2453125 0.32265625 0.2328125 0.34609375 0.228125 0.38203125 0.2390625 0.41640625 0.2109375 0.46484375 0.203125 0.51953125 0.20859375 0.5234375 0.23828125 0.51875 0.2640625 0.54453125 0.2859375 0.60390625 0.2875 0.67421875 0.2953125 0.69609375 0.315625 0.71796875 0.3234375 0.66953125 0.325 0.58828125 0.328125 0.57578125 0.3453125 0.56484375
0 0.19453125 0.3546875 0.1390625 0.39140625 0.125 0.42890625 0.12734375 0.434375 0.15234375 0.4390625 0.16875 0.46171875 0.1828125 0.51796875 0.1765625 0.53515625 0.18125 0.55546875 0.196875 0.53515625 0.203125 0.48671875 0.2171875 0.45078125 0.19453125 0.3546875
0 0.39296875 0.8703125 0.40625 0.84609375 0.3828125 0.63046875 0.3875 0.60234375 0.3734375 0.53984375 0.3765625 0.48515625 0.371875 0.46484375 0.38828125 0.459375 0.3921875 0.44609375 0.3765625 0.42890625 0.3734375 0.40703125 0.359375 0.38828125 0.375 0.34609375 0.375 0.30234375 0.36953125 0.3140625 0.3609375 0.28984375 0.34921875 0.278125 0.32734375 0.271875 0.3 0.29140625 0.29375 0.31953125 0.3046875 0.34453125 0.30625 0.39140625 0.31328125 0.403125 0.32734375 0.4 0.33125 0.40546875 0.315625 0.44609375 0.315625 0.46640625 0.346875 0.53984375 0.346875 0.56484375 0.3265625 0.58359375 0.31875 0.75859375 0.334375 0.87890625 0.3375 0.88984375 0.3484375 0.89296875 0.35234375 0.8859375 0.36796875 0.884375 0.37421875 0.871875 0.39296875 0.8703125
0 0.546875 0.84921875 0.55625 0.77421875 0.5515625 0.70234375 0.528125 0.54921875 0.5109375 0.51484375 0.5234375 0.47265625 0.515625 0.44609375 0.5140625 0.40234375 0.50390625 0.3828125 0.47265625 0.371875 0.4546875 0.38671875 0.4421875 0.40859375 0.421875 0.61328125 0.440625 0.76484375 0.440625 0.94765625 0.43125 0.99921875 0.478125 0.99921875 0.5046875 0.88515625 0.51484375 0.8671875 0.52578125 0.8734375 0.546875 0.84921875
0 0.55625 0.38828125 0.5703125 0.37265625 0.5765625 0.34921875 0.559375 0.27890625 0.54765625 0.2703125 0.52734375 0.26875 0.5109375 0.27890625 0.50625 0.29453125 0.5078125 0.32265625 0.51875 0.35390625 0.5125 0.39296875 0.525 0.46328125 0.515625 0.51171875 0.528125 0.54296875 0.5375 0.60859375 0.5421875 0.62421875 0.55 0.62734375 0.575 0.59453125 0.5796875 0.47109375 0.5734375 0.43203125 0.55625 0.38828125
0 0.615625 0.40546875 0.6046875 0.40859375 0.609375 0.41015625 0.6015625 0.44140625 0.60625 0.45234375 0.609375 0.42265625 0.625 0.39765625 0.62421875 0.3828125 0.615625 0.40546875
0 0.5765625 0.28671875 0.58125 0.33046875 0.5953125 0.34296875 0.59375 0.35390625 0.6015625 0.36328125 0.6171875 0.31953125 0.60703125 0.2578125 0.58515625 0.2671875 0.5765625 0.28671875
0 0.6875 0.50703125 0.6734375 0.46640625 0.6890625 0.45234375 0.6890625 0.42421875 0.7 0.38828125 0.690625 0.35390625 0.67578125 0.3421875 0.65703125 0.34375 0.640625 0.36171875 0.6109375 0.42890625 0.6109375 0.43828125 0.6234375 0.45546875 0.6046875 0.47890625 0.6046875 0.57109375 0.6265625 0.60703125 0.634375 0.63203125 0.64296875 0.6421875 0.6515625 0.64140625 0.665625 0.62578125 0.6765625 0.58828125 0.6734375 0.54765625 0.6875 0.50703125
0 0.7515625 0.59296875 0.759375 0.56953125 0.7609375 0.52265625 0.78125 0.51484375 0.7875 0.49140625 0.7890625 0.43984375 0.77578125 0.43125 0.72265625 0.4328125 0.7125 0.43984375 0.7015625 0.48984375 0.675 0.54921875 0.675 0.56328125 0.6828125 0.57578125 0.6703125 0.65078125 0.70078125 0.6703125 0.7140625 0.69453125 0.7234375 0.69921875 0.7390625 0.68828125 0.734375 0.65859375 0.75625 0.61328125 0.7515625 0.59296875
0 0.853125 0.88671875 0.846875 0.88359375 0.85625 0.80703125 0.8390625 0.76484375 0.8265625 0.69609375 0.83515625 0.6828125 0.853125 0.67734375 0.865625 0.64921875 0.8890625 0.54453125 0.8875 0.50546875 0.878125 0.46953125 0.85234375 0.446875 0.83046875 0.4453125 0.81484375 0.453125 0.79375 0.48203125 0.7609375 0.58515625 0.7625 0.60859375 0.7375 0.65234375 0.7375 0.66640625 0.74609375 0.678125 0.76953125 0.653125 0.78671875 0.6515625 0.8 0.66328125 0.7765625 0.68828125 0.7296875 0.79609375 0.7203125 0.86640625 0.72734375 0.878125 0.73359375 0.871875 0.74609375 0.878125 0.7546875 0.86953125 0.759375 0.92265625 0.7703125 0.93359375 0.7703125 0.94140625 0.765625 0.99140625 0.75078125 0.9921875 0.75390625 1 0.8578125 0.99921875 0.8609375 0.92890625 0.859375 0.91640625 0.853125 0.91484375 0.853125 0.88671875