0 0.8203125 0.50390625 0.8296875 0.48828125 0.8234375 0.45390625 0.8078125 0.42890625 0.78203125 0.4078125 0.76171875 0.396875 0.73515625 0.39375 0.71171875 0.4 0.675 0.45390625 0.665625 0.48671875 0.6734375 0.60078125 0.625 0.64140625 0.609375 0.67421875 0.609375 0.74140625 0.6234375 0.79765625 0.5953125 0.82734375 0.59375 0.84296875 0.57578125 0.8484375 0.5625 0.86328125 0.528125 0.99921875 0.8515625 0.99921875 0.8578125 0.97578125 0.853125 0.86015625 0.8703125 0.83515625 0.875 0.80078125 0.865625 0.75390625 0.8390625 0.68515625 0.8375 0.65859375 0.85 0.63984375 0.8546875 0.59765625 0.8390625 0.58359375 0.8328125 0.56640625 0.8203125 0.50390625
0 0.453125 0.54765625 0.446875 0.65390625 0.4375 0.70078125 0.4140625 0.73515625 0.396875 0.79140625 0.38125 0.87421875 0.3609375 0.93671875 0.3546875 0.99921875 0.38984375 1 0.39296875 0.99375 0.39609375 1 0.525 0.99921875 0.5484375 0.92421875 0.55 0.89296875 0.5625 0.85234375 0.5640625 0.74140625 0.559375 0.70234375 0.5421875 0.67109375 0.54375 0.60078125 0.528125 0.52421875 0.50703125 0.4984375 0.48671875 0.4953125 0.4640625 0.51484375 0.453125 0.54765625
0 0.2890625 0.56484375 0.271875 0.61640625 0.2734375 0.65703125 0.2953125 0.69921875 0.29375 0.71171875 0.2875 0.72890625 0.2578125 0.76640625 0.21875 0.85703125 0.2078125 0.91328125 0.23515625 1 0.2625 0.99921875 0.24375 0.91484375 0.25625 0.89453125 0.26953125 0.8859375 0.278125 0.90078125 0.284375 0.99921875 0.3515625 0.99921875 0.3578125 0.93828125 0.3796875 0.86796875 0.3953125 0.76953125 0.3828125 0.71328125 0.37109375 0.7046875 0.35546875 0.703125 0.35 0.69453125 0.35625 0.63203125 0.35 0.58515625 0.32421875 0.5515625 0.30859375 0.55 0.2890625 0.56484375
0 0.4015625 0.76796875 0.4140625 0.72890625 0.43125 0.70703125 0.4390625 0.68203125 0.44765625 0.5578125 0.44453125 0.565625 0.40859375 0.5671875 0.3953125 0.58046875 0.39375 0.62265625 0.403125 0.66171875 0.38125 0.70234375 0.3953125 0.76484375 0.4015625 0.76796875
0 0.140625 0.45859375 0.1578125 0.56328125 0.1015625 0.63984375 0.0625 0.75703125 0.059375 0.87265625 0.0796875 0.89453125 0.0890625 0.92734375 0.0890625 0.98046875 0.10234375 0.9984375 0.228125 0.99921875 0.2046875 0.90703125 0.2109375 0.87265625 0.2421875 0.79765625 0.2296875 0.72421875 0.2265625 0.61484375 0.209375 0.57109375 0.2125 0.51171875 0.2015625 0.43359375 0.18828125 0.415625 0.17421875 0.4125 0.15625 0.42109375 0.140625 0.45859375
0 0.2875 0.55859375 0.271875 0.52109375 0.25625 0.50703125 0.2640625 0.43984375 0.2578125 0.42421875 0.23984375 0.415625 0.22421875 0.421875 0.209375 0.44609375 0.2140625 0.51328125 0.2390625 0.56953125 0.26875 0.60234375 0.2875 0.55859375
0 0.12421875 0.4859375 0.10703125 0.4921875 0.09375 0.51640625 0.0921875 0.62421875 0.096875 0.63828125 0.1390625 0.58515625 0.1515625 0.55859375 0.1390625 0.49921875 0.12421875 0.4859375
0 0.0328125 0.62890625 0.040625 0.63203125 0.053125 0.61640625 0.046875 0.58203125 0.0578125 0.56328125 0.075 0.55390625 0.075 0.52890625 0.0578125 0.48984375 0.0546875 0.45390625 0.04453125 0.4375 0.03515625 0.4359375 0.0234375 0.45390625 0.0109375 0.58046875 0.0328125 0.62890625
0 0.55546875 0.4609375 0.5515625 0.45859375 0.5484375 0.43984375 0.53359375 0.4265625 0.51796875 0.425 0.503125 0.45078125 0.5046875 0.48671875 0.5265625 0.51171875 0.534375 0.53046875 0.5484375 0.53515625 0.5421875 0.54609375 0.55390625 0.546875 0.56015625 0.559375 0.56875 0.56015625 0.5890625 0.52421875 0.5890625 0.51640625 0.58203125 0.515625 0.578125 0.50546875 0.578125 0.48359375 0.5921875 0.48359375 0.58046875 0.46875 0.56953125 0.484375 0.5671875 0.46328125 0.5578125 0.46015625 0.55859375 0.453125 0.55546875 0.4609375
0 0.3984375 0.57265625 0.43671875 0.559375 0.43984375 0.5484375 0.4484375 0.55078125 0.4671875 0.50234375 0.45625 0.42265625 0.44296875 0.409375 0.4328125 0.41484375 0.421875 0.45859375 0.409375 0.47109375 0.3953125 0.50234375 0.39375 0.56953125 0.3984375 0.57265625
0 0.3671875 0.52578125 0.3515625 0.50703125 0.3390625 0.45703125 0.32578125 0.453125 0.3140625 0.47109375 0.3140625 0.51953125 0.2984375 0.54921875 0.32109375 0.546875 0.3375 0.55859375 0.35078125 0.5796875 0.3734375 0.58046875 0.3671875 0.52578125
0 0.2765625 0.45234375 0.28515625 0.4703125 0.3 0.47109375 0.30625 0.46640625 0.30625 0.45546875 0.2890625 0.44765625 0.2875 0.43046875 0.30546875 0.425 0.3078125 0.41484375 0.3 0.39609375 0.28984375 0.3921875 0.2796875 0.40390625 0.2765625 0.43046875 0.28125 0.44453125 0.2765625 0.45234375
0 0.8703125 0.97265625 0.86875 0.99765625 0.8765625 0.99921875 0.88671875 0.9921875 0.90546875 0.9921875 0.9140625 0.97421875 0.909375 0.96953125 0.9140625 0.95859375 0.90703125 0.9546875 0.89765625 0.953125 0.89375 0.96796875 0.89140625 0.9109375 0.8853125000000001 0.9271874999999999 0.8796875 0.92578125 0.8796875 0.95078125 0.8703125 0.97265625
0 0.925 0.76640625 0.9296875 0.76796875 0.9296875 0.79921875 0.93359375 0.7921875 0.9421875 0.81171875 0.9375 0.81953125 0.94375 0.81953125 0.9484375 0.88203125 0.94375 0.90703125 0.9546875 0.99765625 1 0.99921875 0.99921875 0.39375 0.984375 0.42265625 0.9890625 0.43984375 0.95625 0.46953125 0.965625 0.50234375 0.978125 0.51796875 0.95625 0.53984375 0.940625 0.57265625 0.934375 0.66015625 0.9375 0.73359375 0.9359375 0.74921875 0.925 0.76640625
0 0.95859375 0.3265625 0.94140625 0.3203125 0.9125 0.33671875 0.9015625 0.36328125 0.8984375 0.38203125 0.90625 0.45546875 0.8796875 0.48359375 0.8875 0.52265625 0.865625 0.59453125 0.85625 0.68359375 0.85625 0.71796875 0.878125 0.79140625 0.875 0.83203125 0.859375 0.86328125 0.8609375 0.89453125 0.8765625 0.90859375 0.8796875 0.92109375 0.8640625 0.99609375 0.8984375 0.99921875 0.915625 0.98515625 0.946875 0.88359375 0.9390625 0.78046875 0.9328125 0.76796875 0.9375 0.58046875 0.96875 0.52109375 0.95625 0.48359375 0.9578125 0.45546875 0.971875 0.44921875 0.9796875 0.43203125 0.965625 0.33671875 0.95859375 0.3265625
0 0.8234375 0.50390625 0.8375 0.57421875 0.8640625 0.58828125 0.8796875 0.54140625 0.8734375 0.47734375 0.8921875 0.46015625 0.8953125 0.44921875 0.890625 0.40390625 0.87578125 0.38125 0.86171875 0.3859375 0.8484375 0.40078125 0.846875 0.43671875 0.83125 0.46640625 0.834375 0.49140625 0.8234375 0.50390625
0 0.76953125 0.340625 0.75625 0.35546875 0.753125 0.38515625 0.79765625 0.415625 0.825 0.44453125 0.81875 0.40859375 0.796875 0.38671875 0.7890625 0.34296875 0.76953125 0.340625
0 0.64453125 0.4 0.6265625 0.40859375 0.6125 0.49140625 0.5796875 0.54921875 0.565625 0.60234375 0.5625 0.63984375 0.55 0.65390625 0.55 0.66953125 0.5625 0.68984375 0.56875 0.81953125 0.5734375 0.82890625 0.584375 0.77890625 0.6046875 0.74140625 0.603125 0.68515625 0.6171875 0.64765625 0.6171875 0.62265625 0.62421875 0.6125 0.665625 0.59765625 0.6484375 0.53671875 0.6703125 0.46015625 0.671875 0.43203125 0.665625 0.41640625 0.64453125 0.4
0 0.6265625 0.40703125 0.6453125 0.39609375 0.64375 0.37734375 0.634375 0.36171875 0.6390625 0.32265625 0.62109375 0.3078125 0.6078125 0.31640625 0.60625 0.35390625 0.590625 0.38359375 0.59375 0.41484375 0.61875 0.42890625 0.6265625 0.40703125
0 0.375 0.54921875 0.3859375 0.53671875 0.3875 0.52265625 0.3828125 0.43828125 0.371875 0.41484375 0.3625 0.36796875 0.35078125 0.3640625 0.3390625 0.38046875 0.3421875 0.41484375 0.334375 0.44609375 0.35703125 0.5140625 0.3625 0.50078125 0.375 0.54921875
0 0.39375 0.50546875 0.403125 0.48046875 0.421875 0.45546875 0.428125 0.42421875 0.440625 0.40859375 0.43125 0.39609375 0.4296875 0.34609375 0.41953125 0.3359375 0.403125 0.35234375 0.409375 0.39296875 0.390625 0.43515625 0.3875 0.50234375 0.39375 0.50546875
0 0.50078125 0.40625 0.4765625 0.41484375 0.4625 0.45234375 0.4703125 0.49765625 0.4765625 0.49765625 0.503125 0.48828125 0.5015625 0.45703125 0.5125 0.42109375 0.50078125 0.40625
0 0.0734375 0.43828125 0.078125 0.49765625 0.0859375 0.51640625 0.0921875 0.51796875 0.1015625 0.49765625 0.11328125 0.4875 0.12890625 0.484375 0.1375 0.46796875 0.1265625 0.39296875 0.11484375 0.38125 0.10390625 0.384375 0.09921875 0.396875 0.08671875 0.384375 0.078125 0.39765625 0.0796875 0.42578125 0.0734375 0.43828125