0 0.07890625 0.65 0.07578125 0.6421875 0.065625 0.63984375 0.0875 0.62734375 0.06328125 0.621875 0.0671875 0.62890625 0.0546875 0.63046875 0.0609375 0.63984375 0.05234375 0.640625 0.0421875 0.61484375 0.04296875 0.6640625 0.10859375 0.671875 0.1296875 0.69921875 0.1359375 0.69921875 0.128125 0.66796875 0.09921875 0.6359375 0.08828125 0.634375 0.07890625 0.65
0 0.1296875 0.39453125 0.11875 0.37265625 0.10390625 0.3640625 0.0921875 0.36953125 0.084375 0.39609375 0.084375 0.47578125 0.05625 0.48359375 0.025 0.55546875 0.03046875 0.5625 0.06484375 0.5640625 0.09375 0.60703125 0.1 0.60703125 0.11484375 0.6015625 0.1453125 0.56171875 0.1296875 0.49609375 0.1296875 0.39453125
0 0.5328125 0.82890625 0.534375 0.72734375 0.528125 0.68984375 0.546875 0.65234375 0.5546875 0.61484375 0.5484375 0.38828125 0.5375 0.35234375 0.49375 0.29453125 0.48125 0.26796875 0.4828125 0.24453125 0.4953125 0.21015625 0.4890625 0.13359375 0.46953125 0.103125 0.44921875 0.1 0.425 0.12578125 0.4140625 0.18515625 0.4140625 0.21953125 0.4234375 0.23359375 0.428125 0.28203125 0.40859375 0.2921875 0.384375 0.32578125 0.39375 0.50703125 0.3875 0.56171875 0.39375 0.68828125 0.384375 0.73359375 0.384375 0.85703125 0.390625 0.88515625 0.3953125 0.99921875 0.5109375 0.99921875 0.5234375 0.90703125 0.5234375 0.88515625 0.51875 0.88203125 0.5328125 0.82890625
0 0.625 0.79609375 0.6515625 0.76953125 0.6640625 0.72109375 0.665625 0.66484375 0.653125 0.61171875 0.6578125 0.59140625 0.64140625 0.56875 0.62890625 0.56875 0.6140625 0.58203125 0.6140625 0.61640625 0.5890625 0.63828125 0.571875 0.66953125 0.5578125 0.80390625 0.565625 0.80703125 0.5671875 0.83046875 0.5796875 0.83203125 0.5828125 0.83671875 0.5765625 0.84453125 0.5859375 0.85234375 0.5859375 0.81640625 0.60078125 0.834375 0.60625 0.83203125 0.625 0.79609375
0 1 0.49140625 0.98515625 0.484375 0.96953125 0.4921875 0.953125 0.51484375 0.946875 0.62578125 0.95390625 0.6375 0.9625 0.63984375 0.9171875 0.67890625 0.9109375 0.70234375 0.9125 0.71484375 0.94140625 0.721875 0.97578125 0.7671875 1 0.77109375 1 0.49140625
0 0.75546875 0.65 0.7375 0.67265625 0.73125 0.70546875 0.7578125 0.74140625 0.7828125 0.68828125 0.7828125 0.67578125 0.76640625 0.6796875 0.75546875 0.65
0 0.79921875 0.5609375 0.78125 0.57890625 0.7765625 0.60234375 0.7796875 0.63828125 0.79453125 0.6359375 0.82890625 0.6578125 0.83984375 0.671875 0.8609375 0.67265625 0.86875 0.67109375 0.84375 0.64453125 0.8296875 0.56171875 0.79921875 0.5609375
0 0.71484375 0.853125 0.72265625 0.8546875 0.7265625 0.84921875 0.7390625 0.80390625 0.7515625 0.78359375 0.7515625 0.76484375 0.746875 0.73515625 0.71953125 0.7015625 0.70234375 0.6984375 0.68515625 0.7046875 0.6609375 0.73828125 0.653125 0.77421875 0.65625 0.86640625 0.64609375 0.8921875 0.640625 0.89140625 0.64140625 0.884375 0.634375 0.88671875 0.640625 0.89453125 0.6359375 0.90703125 0.640625 0.90859375 0.65 0.89140625 0.69453125 0.8546875 0.71015625 0.8625 0.71484375 0.853125
0 0.70625 0.93359375 0.7125 0.93046875 0.7078125 0.92734375 0.71171875 0.9234375 0.71875 0.92578125 0.7140625 0.95390625 0.72265625 0.98125 0.76640625 0.95625 0.83046875 0.95625 0.84765625 0.95 0.85703125 0.95625 0.87578125 0.9546875 0.903125 0.92265625 0.88828125 0.89375 0.846875 0.86953125 0.834375 0.81640625 0.825 0.80078125 0.80234375 0.784375 0.76171875 0.784375 0.7484375 0.79296875 0.7296875 0.84609375 0.72265625 0.9171875 0.71953125 0.909375 0.70625 0.90859375 0.70078125 0.89375 0.69609375 0.9 0.68671875 0.8921875 0.68125 0.89609375 0.678125 0.99921875 0.6890625 0.99921875 0.69140625 0.9515625 0.7 0.98515625 0.69375 0.99765625 0.7015625 0.99921875 0.715625 0.98046875 0.70625 0.97265625 0.7109375 0.96953125 0.70625 0.93359375
0 0.16015625 0.9234375 0.1671875 0.91484375 0.165625 0.88046875 0.1484375 0.81015625 0.12578125 0.7734375 0.10078125 0.76875 0.07890625 0.775 0.0484375 0.79765625 0.03125 0.83203125 0.025 0.91796875 0.034375 0.93828125 0.025 0.95234375 0.025 0.96953125 0.01875 0.97265625 0.0171875 0.98515625 0.00859375 0.9796875 0.009375 0.99609375 0.003125 0.99921875 0.16875 0.99921875 0.1671875 0.98046875 0.14375 0.93046875 0.14453125 0.921875 0.16015625 0.9234375
0 0.24609375 0.646875 0.22734375 0.65 0.209375 0.67109375 0.184375 0.73046875 0.28125 0.73828125 0.290625 0.73515625 0.290625 0.70546875 0.2796875 0.66796875 0.24609375 0.646875
0 0.1296875 0.39765625 0.1171875 0.37109375 0.10390625 0.3640625 0.09375 0.36953125 0.084375 0.39921875 0.0828125 0.47734375 0.0578125 0.48203125 0.025 0.55546875 0.03203125 0.5625 0.06484375 0.5640625 0.0984375 0.60859375 0.11328125 0.6015625 0.1453125 0.56171875 0.1296875 0.49765625 0.1296875 0.39765625
0 0.73828125 0.5796875 0.7140625 0.57734375 0.7109375 0.54140625 0.69453125 0.5234375 0.68671875 0.5234375 0.6546875 0.54296875 0.646875 0.56484375 0.675 0.62421875 0.7046875 0.65234375 0.7203125 0.61328125 0.74921875 0.5984375 0.7515625 0.59140625 0.73828125 0.5796875
0 0.234375 0.51171875 0.21953125 0.5046875 0.2015625 0.51953125 0.1953125 0.55078125 0.203125 0.55390625 0.20390625 0.5625 0.21015625 0.553125 0.2296875 0.56640625 0.22578125 0.571875 0.2078125 0.57265625 0.2296875 0.58671875 0.234375 0.56640625 0.2453125 0.55390625 0.246875 0.53515625 0.234375 0.51171875
0 0.6265625 0.48671875 0.61875 0.52578125 0.628125 0.55390625 0.63828125 0.5640625 0.6453125 0.56328125 0.6640625 0.49453125 0.65546875 0.478125 0.63828125 0.4734375 0.6265625 0.48671875
0 0.6109375 0.46328125 0.59765625 0.45625 0.5890625 0.46796875 0.5859375 0.49921875 0.5953125 0.53203125 0.6046875 0.53359375 0.6109375 0.53046875 0.6078125 0.52265625 0.615625 0.48515625 0.6109375 0.46328125
0 0.87421875 0.5390625 0.84765625 0.5390625 0.83984375 0.521875 0.82421875 0.51875 0.8140625 0.53046875 0.834375 0.56328125 0.8390625 0.59921875 0.85 0.60078125 0.86875 0.57265625 0.8859375 0.56171875 0.884375 0.55234375 0.87421875 0.5390625
0 0.5875 0.50703125 0.57578125 0.496875 0.56484375 0.5015625 0.55703125 0.4953125 0.553125 0.50078125 0.5515625 0.55859375 0.5578125 0.56171875 0.56328125 0.5484375 0.58828125 0.5453125 0.5984375 0.53671875 0.5875 0.50703125
0 0.28671875 0.5421875 0.26015625 0.540625 0.2375 0.56640625 0.2328125 0.58984375 0.2453125 0.61796875 0.26640625 0.5921875 0.3 0.59765625 0.3 0.56953125 0.28671875 0.5421875