0 0.1328125 0.12734375 0.115625 0.09765625 0.08359375 0.0859375 0.04921875 0.090625 0.0328125 0.11015625 0.025 0.13984375 0.0203125 0.21015625 0.034375 0.24296875 0.0359375 0.27578125 0.03125 0.30390625 0.01953125 0.3203125 0 0.33203125 0.0015625 0.62890625 0.0375 0.58046875 0.0828125 0.53828125 0.0921875 0.51953125 0.1109375 0.51015625 0.125 0.48671875 0.1234375 0.47265625 0.109375 0.45390625 0.0875 0.30390625 0.0953125 0.23984375 0.1375 0.18046875 0.1375 0.15234375 0.1328125 0.12734375
0 0.2421875 0.23984375 0.21875 0.20546875 0.20078125 0.190625 0.17890625 0.18125 0.15390625 0.184375 0.12890625 0.196875 0.10625 0.22265625 0.0921875 0.28203125 0.0921875 0.31953125 0.1 0.34453125 0.1109375 0.44296875 0.1296875 0.47734375 0.128125 0.49453125 0.115625 0.51484375 0.10078125 0.5203125 0.0296875 0.59609375 0.009375 0.62109375 0 0.64765625 0.0015625 0.99921875 0.4109375 0.99921875 0.3953125 0.79765625 0.3828125 0.71640625 0.365625 0.65234375 0.33125 0.58828125 0.2828125 0.54765625 0.23125 0.47890625 0.2359375 0.40859375 0.2609375 0.37265625 0.2609375 0.34296875 0.25 0.33046875 0.2515625 0.27578125 0.2421875 0.23984375
0 0.3484375 0.34765625 0.3625 0.36953125 0.3625 0.38046875 0.3109375 0.44140625 0.2953125 0.50546875 0.2953125 0.55078125 0.3546875 0.60703125 0.384375 0.44921875 0.39375 0.43359375 0.434375 0.39765625 0.440625 0.37265625 0.4421875 0.33671875 0.4296875 0.26171875 0.41328125 0.240625 0.39609375 0.23125 0.36796875 0.240625 0.35 0.27421875 0.3453125 0.29140625 0.3484375 0.34765625
0 0.4296875 0.25859375 0.44375 0.33515625 0.4421875 0.37734375 0.4484375 0.37734375 0.4828125 0.33203125 0.4859375 0.30546875 0.478125 0.27578125 0.4625 0.25078125 0.4609375 0.22421875 0.4671875 0.21640625 0.4625 0.16328125 0.44765625 0.140625 0.42109375 0.1546875 0.4140625 0.16484375 0.40625 0.23203125 0.4296875 0.25859375
0 0.5875 0.29609375 0.590625 0.27109375 0.603125 0.24296875 0.596875 0.22109375 0.59375 0.13828125 0.58125 0.11328125 0.56015625 0.0953125 0.51640625 0.0875 0.478125 0.11796875 0.4671875 0.15546875 0.46875 0.22109375 0.4640625 0.23828125 0.478125 0.26640625 0.4875 0.32734375 0.4765625 0.34921875 0.4578125 0.36796875 0.4421875 0.40390625 0.41015625 0.421875 0.3828125 0.46328125 0.3703125 0.51484375 0.3578125 0.61796875 0.3875 0.71484375 0.4078125 0.84765625 0.409375 0.90078125 0.41875 0.92734375 0.4140625 0.93828125 0.4234375 0.99921875 0.6640625 0.99921875 0.6578125 0.88203125 0.6765625 0.86796875 0.6859375 0.84765625 0.709375 0.75859375 0.7171875 0.64921875 0.6828125 0.48046875 0.665625 0.44921875 0.6078125 0.39609375 0.603125 0.36484375 0.575 0.35390625 0.575 0.31484375 0.5875 0.29609375
0 0.5859375 0.00078125 0.584375 0.03984375 0.59375 0.12578125 0.603125 0.15703125 0.6078125 0.15703125 0.609375 0.14921875 0.603125 0.14453125 0.609375 0.14296875 0.61171875 0.13125 0.61875 0.15234375 0.603125 0.18828125 0.60625 0.24609375 0.5921875 0.28046875 0.5875 0.33828125 0.59296875 0.346875 0.59609375 0.33125 0.60546875 0.3515625 0.625 0.35234375 0.65 0.32421875 0.6375 0.26328125 0.640625 0.19609375 0.65390625 0.178125 0.6984375 0.17734375 0.69375 0.16640625 0.696875 0.15234375 0.6828125 0.13359375 0.6703125 0.06796875 0.6765625 0.04921875 0.67578125 0 0.5859375 0.00078125
0 0.6421875 0.19765625 0.640625 0.24921875 0.6359375 0.25078125 0.6546875 0.32578125 0.62265625 0.359375 0.6078125 0.36171875 0.6109375 0.38984375 0.6578125 0.43359375 0.68125 0.47109375 0.725 0.66015625 0.7328125 0.65546875 0.734375 0.62109375 0.7203125 0.54609375 0.7171875 0.43046875 0.7375 0.35078125 0.7109375 0.32578125 0.7078125 0.31328125 0.715625 0.27265625 0.7046875 0.20703125 0.68828125 0.1859375 0.66328125 0.1796875 0.6421875 0.19765625
0 0.7296875 0.33984375 0.740625 0.34453125 0.75390625 0.328125 0.775 0.31796875 0.7578125 0.26640625 0.7609375 0.21328125 0.771875 0.17265625 0.75546875 0.14375 0.73046875 0.1390625 0.7203125 0.14921875 0.7109375 0.18359375 0.7203125 0.26328125 0.7125 0.31640625 0.7296875 0.33984375
0 0.7671875 0.19609375 0.759375 0.22734375 0.759375 0.26328125 0.775 0.31796875 0.76953125 0.3265625 0.75703125 0.3296875 0.740625 0.35234375 0.71875 0.42734375 0.721875 0.54921875 0.73125 0.60546875 0.7390625 0.63515625 0.7453125 0.63828125 0.753125 0.58984375 0.76875 0.57734375 0.8171875 0.50546875 0.8390625 0.48984375 0.821875 0.43203125 0.81875 0.33828125 0.853125 0.27109375 0.8421875 0.20390625 0.828125 0.18203125 0.80859375 0.16875 0.78515625 0.1734375 0.7671875 0.19609375
0 0.9578125 0.27578125 0.9078125 0.17421875 0.89140625 0.16875 0.87421875 0.175 0.8515625 0.22890625 0.8546875 0.26796875 0.91171875 0.26875 0.94296875 0.2953125 0.95625 0.29765625 0.9609375 0.29453125 0.9578125 0.27578125
0 0.85546875 0.28125 0.8359375 0.30390625 0.821875 0.34296875 0.8296875 0.40078125 0.8265625 0.42890625 0.846875 0.49609375 0.83046875 0.5 0.8140625 0.51484375 0.753125 0.60234375 0.7546875 0.62578125 0.7421875 0.66796875 0.7390625 0.73671875 0.7234375 0.77578125 0.728125 0.83984375 0.7453125 0.86953125 0.7375 0.88828125 0.73125 0.97734375 0.7234375 0.99921875 0.9984375 0.99921875 1 0.58828125 0.9609375 0.56171875 0.95625 0.53671875 0.934375 0.50234375 0.9421875 0.48671875 0.9421875 0.45234375 0.9515625 0.43984375 0.95625 0.41328125 0.9390625 0.30234375 0.90859375 0.2734375 0.87109375 0.2734375 0.85546875 0.28125
0 0.8984375 0.14296875 0.90625 0.11328125 0.8890625 0.06171875 0.87578125 0.053125 0.85546875 0.0625 0.8484375 0.07421875 0.840625 0.13203125 0.846875 0.16328125 0.86875 0.16796875 0.88203125 0.1625 0.8984375 0.14296875