0 0 0.64453125 0.03125 0.70859375 0.0453125 0.78359375 0.0484375 0.84921875 0.04375 0.92734375 0.021875 0.99921875 0.059375 0.99921875 0.0578125 0.96640625 0.0984375 0.67421875 0.115625 0.62109375 0.165625 0.55234375 0.1890625 0.48203125 0.175 0.34453125 0.146875 0.28671875 0.12578125 0.271875 0.10234375 0.2734375 0.078125 0.29609375 0.065625 0.31484375 0.059375 0.34140625 0.053125 0.34140625 0.0625 0.29296875 0.0921875 0.23984375 0.0921875 0.21796875 0.0859375 0.21484375 0.1 0.20859375 0.09296875 0.2 0.08359375 0.2078125 0.07109375 0.1796875 0.06328125 0.203125 0.06015625 0.1875 0.0484375 0.18984375 0.05625 0.19453125 0.04765625 0.203125 0.0390625 0.19765625 0.03828125 0.1875 0.0234375 0.18671875 0.034375 0.19609375 0.028125 0.20703125 0.0359375 0.27265625 0 0.40859375 0 0.64453125
0 0.40390625 1 0.40625 0.92265625 0.41328125 0.909375 0.4296875 0.99921875 0.4953125 0.99921875 0.4921875 0.91328125 0.4578125 0.65234375 0.4375 0.59296875 0.42890625 0.584375 0.41875 0.58515625 0.4359375 0.52421875 0.4375 0.47421875 0.4328125 0.45546875 0.40703125 0.4390625 0.4 0.42734375 0.403125 0.30546875 0.4 0.28359375 0.3875 0.27109375 0.3890625 0.20078125 0.3734375 0.15859375 0.35703125 0.1453125 0.29921875 0.1546875 0.27578125 0.1734375 0.25390625 0.1609375 0.2421875 0.17265625 0.23125 0.21640625 0.234375 0.31640625 0.2265625 0.34765625 0.2359375 0.38671875 0.2546875 0.41328125 0.25625 0.44921875 0.2421875 0.46953125 0.234375 0.50390625 0.19453125 0.5328125 0.15625 0.57109375 0.1125 0.63828125 0.084375 0.78359375 0.0609375 0.99609375 0.13046875 1 0.14609375 0.95 0.153125 0.96796875 0.15078125 1 0.40390625 1
0 0.67578125 0.5203125 0.66796875 0.528125 0.65859375 0.525 0.65546875 0.534375 0.6453125 0.50703125 0.678125 0.40859375 0.68125 0.28984375 0.6625 0.22734375 0.64453125 0.203125 0.62421875 0.1984375 0.58359375 0.2125 0.559375 0.24921875 0.54375 0.30703125 0.546875 0.34921875 0.5390625 0.36015625 0.5265625 0.41953125 0.503125 0.46484375 0.4921875 0.50078125 0.4671875 0.66015625 0.4671875 0.69453125 0.5046875 0.99921875 0.66875 0.99921875 0.6625 0.96640625 0.6671875 0.94765625 0.67109375 0.9421875 0.68984375 0.94375 0.70078125 0.9375 0.7203125 0.90390625 0.7125 0.78359375 0.728125 0.76328125 0.728125 0.75078125 0.6953125 0.53828125 0.68515625 0.5234375 0.67578125 0.5203125
0 0.7046875 0.18828125 0.6890625 0.24296875 0.684375 0.42890625 0.65625 0.48515625 0.6578125 0.49453125 0.6953125 0.52734375 0.7015625 0.54453125 0.7171875 0.62421875 0.73125 0.74921875 0.73125 0.76640625 0.7171875 0.78671875 0.7265625 0.86953125 0.7234375 0.90703125 0.709375 0.93515625 0.68125 0.95703125 0.6796875 0.99921875 0.8953125 0.99921875 0.8875 0.74921875 0.86875 0.61328125 0.8765625 0.50546875 0.8625 0.44765625 0.85 0.42109375 0.83515625 0.4046875 0.8 0.38671875 0.7984375 0.22890625 0.7921875 0.20546875 0.75859375 0.1703125 0.73046875 0.1625 0.7046875 0.18828125
0 1 0.28984375 0.9859375 0.27109375 0.9953125 0.23984375 0.9953125 0.13359375 0.9828125 0.10390625 0.96171875 0.0859375 0.93828125 0.0921875 0.909375 0.12265625 0.9234375 0.07578125 0.91875 0.03984375 0.9234375 0.01484375 0.91015625 0.0203125 0.90625 0.00546875 0.89921875 0.0015625 0.884375 0.00859375 0.87890625 0.0328125 0.8703125 0.02734375 0.8671875 0.13671875 0.85625 0.17890625 0.8640625 0.20859375 0.86015625 0.2046875 0.85546875 0.209375 0.8515625 0.20234375 0.8390625 0.24609375 0.8390625 0.30546875 0.8734375 0.41796875 0.871875 0.46953125 0.88125 0.51796875 0.871875 0.61796875 0.890625 0.74609375 0.9 0.98671875 0.90390625 1 1 0.99921875 1 0.28984375
0 0.5890625 0.06328125 0.5984375 0.05390625 0.5984375 0.03984375 0.58515625 0.0328125 0.5703125 0.05859375 0.56875 0.10390625 0.5734375 0.15390625 0.58125 0.14609375 0.58046875 0.13125 0.5890625 0.14140625 0.584375 0.20078125 0.61796875 0.2015625 0.63671875 0.1953125 0.6625 0.21796875 0.6703125 0.13203125 0.65625 0.07109375 0.63828125 0.053125 0.61328125 0.059375 0.59609375 0.084375 0.5875 0.08359375 0.59375 0.09140625 0.5875 0.12578125 0.58046875 0.128125 0.5796875 0.07890625 0.59375 0.07421875 0.5890625 0.06328125
0 0.74375 0.03359375 0.74296875 0.0234375 0.73203125 0.021875 0.7265625 0.02578125 0.728125 0.06328125 0.7125 0.15703125 0.71796875 0.1625 0.73046875 0.15625 0.75546875 0.165625 0.78125 0.18515625 0.7828125 0.17265625 0.7765625 0.16640625 0.7828125 0.13984375 0.78125 0.09453125 0.775 0.08359375 0.78125 0.03828125 0.77265625 0.0265625 0.76484375 0.0265625 0.74765625 0.046875 0.7453125 0.04140625 0.7515625 0.03671875 0.74375 0.03359375
0 0.8359375 0.23984375 0.85 0.18515625 0.85 0.15859375 0.8640625 0.14453125 0.8640625 0.09296875 0.85546875 0.0546875 0.84375 0.06328125 0.84453125 0.084375 0.83359375 0.075 0.8203125 0.08046875 0.8078125 0.16328125 0.809375 0.21484375 0.8359375 0.23984375
0 0.43984375 0.19375 0.4265625 0.20390625 0.425 0.23046875 0.453125 0.28359375 0.4640625 0.37734375 0.4890625 0.47421875 0.5 0.46328125 0.5015625 0.43984375 0.51171875 0.4375 0.5234375 0.42109375 0.5328125 0.36953125 0.51796875 0.346875 0.5125 0.36171875 0.50625 0.36328125 0.50625 0.31015625 0.49375 0.27265625 0.484375 0.19609375 0.43984375 0.19375
0 0.1375 0.27109375 0.1609375 0.30546875 0.178125 0.35234375 0.1890625 0.46953125 0.18125 0.52578125 0.1890625 0.53046875 0.234375 0.49453125 0.2484375 0.45390625 0.2453125 0.43203125 0.2109375 0.41328125 0.228125 0.31796875 0.228125 0.23359375 0.2171875 0.21171875 0.19296875 0.19375 0.1578125 0.21171875 0.1421875 0.23671875 0.1375 0.25703125 0.1375 0.27109375
0 0.08203125 0.203125 0.090625 0.20078125 0.10234375 0.1734375 0.115625 0.17421875 0.090625 0.24921875 0.0734375 0.28203125 0.075 0.29140625 0.11171875 0.2671875 0.1328125 0.26640625 0.140625 0.23046875 0.146875 0.22421875 0.14375 0.21328125 0.15625 0.20234375 0.1328125 0.18046875 0.1203125 0.14296875 0.10234375 0.1328125 0.07890625 0.1390625 0.075 0.14765625 0.08203125 0.203125
0 0.2296875 0.05703125 0.21640625 0.01875 0.184375 0.07890625 0.1640625 0.09609375 0.1625 0.19921875 0.19765625 0.19375 0.21328125 0.2 0.21640625 0.1890625 0.21875 0.20390625 0.2265625 0.21171875 0.24453125 0.1515625 0.27890625 0.165625 0.29765625 0.15 0.31640625 0.146875 0.31875 0.13515625 0.3 0.07734375 0.27734375 0.0671875 0.24765625 0.0796875 0.2453125 0.05859375 0.23984375 0.053125 0.23515625 0.059375 0.2296875 0.05703125