2 0.35697115384615385 0.17307692307692307 0.2692307692307692 0.07692307692307693
2 0.38100961538461536 0.19831730769230768 0.11298076923076923 0.036057692307692304
2 0.3798076923076923 0.2283653846153846 0.11778846153846154 0.038461538461538464
2 0.3317307692307692 0.24278846153846154 0.028846153846153848 0.016826923076923076
2 0.375 0.24639423076923078 0.09615384615384616 0.021634615384615384
2 0.38822115384615385 0.265625 0.12259615384615384 0.038461538461538464
2 0.39302884615384615 0.29447115384615385 0.11057692307692307 0.038461538461538464
2 0.39302884615384615 0.33052884615384615 0.11057692307692307 0.026442307692307692
2 0.39903846153846156 0.3641826923076923 0.13221153846153846 0.04567307692307692
2 0.39663461538461536 0.4338942307692308 0.17307692307692307 0.04567307692307692
2 0.41586538461538464 0.45552884615384615 0.12740384615384615 0.040865384615384616
2 0.4098557692307692 0.46875 0.11538461538461539 0.026442307692307692
2 0.3737980769230769 0.4879807692307692 0.08653846153846154 0.04807692307692308
2 0.3858173076923077 0.5132211538461539 0.057692307692307696 0.016826923076923076
2 0.38100961538461536 0.5240384615384616 0.06009615384615385 0.02403846153846154
2 0.5012019230769231 0.6430288461538461 0.25240384615384615 0.10336538461538461