2 0.8377403846153846 0.6141826923076923 0.052884615384615384 0.2668269230769231
2 0.8112980769230769 0.5925480769230769 0.026442307692307692 0.11057692307692307
2 0.78125 0.5961538461538461 0.028846153846153848 0.11538461538461539
2 0.7704326923076923 0.6454326923076923 0.014423076923076924 0.028846153846153848
2 0.7632211538461539 0.6021634615384616 0.014423076923076924 0.09615384615384616
2 0.7427884615384616 0.5913461538461539 0.028846153846153848 0.1201923076923077
2 0.7139423076923077 0.5889423076923077 0.028846153846153848 0.10817307692307693
2 0.6778846153846154 0.5913461538461539 0.016826923076923076 0.11057692307692307
2 0.6442307692307693 0.5889423076923077 0.03365384615384615 0.12980769230769232
2 0.5745192307692307 0.5973557692307693 0.03125 0.17067307692307693
2 0.5516826923076923 0.5805288461538461 0.03125 0.125
2 0.5384615384615384 0.5865384615384616 0.016826923076923076 0.11538461538461539
2 0.5228365384615384 0.625 0.040865384615384616 0.08413461538461539
2 0.4963942307692308 0.6153846153846154 0.01201923076923077 0.057692307692307696
2 0.48677884615384615 0.6201923076923077 0.019230769230769232 0.057692307692307696
2 0.35697115384615385 0.5108173076923077 0.08173076923076923 0.24519230769230768