2 0.3629807692307692 0.17067307692307693 0.2692307692307692 0.07211538461538461
2 0.3858173076923077 0.19591346153846154 0.11298076923076923 0.03365384615384615
2 0.38461538461538464 0.22596153846153846 0.11778846153846154 0.036057692307692304
2 0.33653846153846156 0.2403846153846154 0.028846153846153848 0.016826923076923076
2 0.3798076923076923 0.2439903846153846 0.09615384615384616 0.021634615384615384
2 0.3918269230769231 0.2644230769230769 0.12259615384615384 0.036057692307692304
2 0.39663461538461536 0.2932692307692308 0.11057692307692307 0.036057692307692304
2 0.39663461538461536 0.3293269230769231 0.11057692307692307 0.02403846153846154
2 0.4014423076923077 0.36177884615384615 0.13221153846153846 0.04326923076923077
2 0.39783653846153844 0.4326923076923077 0.17307692307692307 0.04326923076923077
2 0.41586538461538464 0.4543269230769231 0.12740384615384615 0.040865384615384616
2 0.4110576923076923 0.4675480769230769 0.11538461538461539 0.02403846153846154
2 0.3737980769230769 0.4855769230769231 0.08653846153846154 0.04567307692307692
2 0.38461538461538464 0.5120192307692307 0.057692307692307696 0.016826923076923076
2 0.38100961538461536 0.5216346153846154 0.057692307692307696 0.02403846153846154
2 0.4987980769230769 0.6430288461538461 0.25 0.0985576923076923